N1A0A1;42.904;-79.624;"dunnville"
N1A0A2;42.917;-79.614;"dunnville"
N1A0A7;42.907;-79.605;"dunnville"
N1A1A1;42.914;-79.611;"dunnville"
N1A1A2;42.913;-79.61;"dunnville"
N1A1A3;42.913;-79.611;"dunnville"
N1A1A4;42.912;-79.61;"dunnville"
N1A1A5;42.912;-79.61;"dunnville"
N1A1A6;42.911;-79.611;"dunnville"
N1A1A7;42.911;-79.611;"dunnville"
N1A1A8;42.912;-79.615;"dunnville"
N1A1A9;42.912;-79.615;"dunnville"
N1A1B1;42.911;-79.615;"dunnville"
N1A1B2;42.91;-79.612;"dunnville"
N1A1B3;42.909;-79.613;"dunnville"
N1A1B4;42.909;-79.613;"dunnville"
N1A1B5;42.905;-79.609;"dunnville"
N1A1B6;42.908;-79.599;"dunnville"
N1A1B7;42.909;-79.616;"dunnville"
N1A1B8;42.907;-79.613;"dunnville"
N1A1B9;42.907;-79.617;"dunnville"
N1A1C1;42.907;-79.618;"dunnville"
N1A1C2;42.905;-79.609;"dunnville"
N1A1C3;42.906;-79.615;"dunnville"
N1A1C4;42.905;-79.616;"dunnville"
N1A1C5;42.906;-79.615;"dunnville"
N1A1C6;42.905;-79.615;"dunnville"
N1A1C7;42.905;-79.618;"dunnville"
N1A1C8;42.905;-79.618;"dunnville"
N1A1C9;42.906;-79.62;"dunnville"
N1A1E0;42.916;-79.594;"dunnville"
N1A1E1;42.905;-79.617;"dunnville"
N1A1E2;42.906;-79.62;"dunnville"
N1A1E3;42.906;-79.619;"dunnville"
N1A1E4;42.906;-79.621;"dunnville"
N1A1E5;42.907;-79.624;"dunnville"
N1A1E6;42.906;-79.619;"dunnville"
N1A1E7;42.908;-79.627;"dunnville"
N1A1E8;42.904;-79.619;"dunnville"
N1A1E9;42.904;-79.619;"dunnville"
N1A1G0;42.911;-79.629;"dunnville"
N1A1G1;42.904;-79.614;"dunnville"
N1A1G2;42.904;-79.618;"dunnville"
N1A1G3;42.903;-79.615;"dunnville"
N1A1G4;42.904;-79.619;"dunnville"
N1A1G5;42.906;-79.623;"dunnville"
N1A1G6;42.906;-79.623;"dunnville"
N1A1G7;42.906;-79.622;"dunnville"
N1A1G8;42.907;-79.627;"dunnville"
N1A1G9;42.908;-79.629;"dunnville"
N1A1H0;42.912;-79.583;"dunnville"
N1A1H1;42.905;-79.617;"dunnville"
N1A1H2;42.903;-79.606;"dunnville"
N1A1H3;42.915;-79.568;"dunnville"
N1A1H4;42.903;-79.603;"dunnville"
N1A1H5;42.903;-79.602;"dunnville"
N1A1H6;42.902;-79.619;"dunnville"
N1A1H7;42.902;-79.618;"dunnville"
N1A1H8;42.902;-79.617;"dunnville"
N1A1H9;42.902;-79.615;"dunnville"
N1A1J1;42.902;-79.615;"dunnville"
N1A1J2;42.902;-79.613;"dunnville"
N1A1J3;42.902;-79.614;"dunnville"
N1A1J4;42.902;-79.611;"dunnville"
N1A1J5;42.902;-79.611;"dunnville"
N1A1J6;42.903;-79.619;"dunnville"
N1A1J7;42.903;-79.619;"dunnville"
N1A1J8;42.902;-79.62;"dunnville"
N1A1J9;42.902;-79.619;"dunnville"
N1A1K0;42.92;-79.52;"dunnville"
N1A1K1;42.902;-79.619;"dunnville"
N1A1K2;42.901;-79.618;"dunnville"
N1A1K3;42.901;-79.618;"dunnville"
N1A1K4;42.902;-79.616;"dunnville"
N1A1K5;42.901;-79.614;"dunnville"
N1A1K6;42.901;-79.615;"dunnville"
N1A1K7;42.901;-79.615;"dunnville"
N1A1K8;42.909;-79.61;"dunnville"
N1A1K9;42.913;-79.608;"dunnville"
N1A1L1;42.914;-79.612;"dunnville"
N1A1L2;42.915;-79.613;"dunnville"
N1A1L3;42.911;-79.614;"dunnville"
N1A1L4;42.911;-79.614;"dunnville"
N1A1L5;42.912;-79.616;"dunnville"
N1A1L6;42.912;-79.616;"dunnville"
N1A1L7;42.916;-79.619;"dunnville"
N1A1L8;42.915;-79.618;"dunnville"
N1A1L9;42.913;-79.619;"dunnville"
N1A1M1;42.911;-79.616;"dunnville"
N1A1M2;42.91;-79.614;"dunnville"
N1A1M3;42.912;-79.618;"dunnville"
N1A1M4;42.911;-79.616;"dunnville"
N1A1M5;42.91;-79.615;"dunnville"
N1A1M6;42.91;-79.615;"dunnville"
N1A1M7;42.911;-79.619;"dunnville"
N1A1M8;42.91;-79.617;"dunnville"
N1A1M9;42.911;-79.619;"dunnville"
N1A1N1;42.912;-79.62;"dunnville"
N1A1N2;42.907;-79.612;"dunnville"
N1A1N3;42.909;-79.616;"dunnville"
N1A1N4;42.907;-79.612;"dunnville"
N1A1N5;42.907;-79.612;"dunnville"
N1A1N6;42.913;-79.627;"dunnville"
N1A1N7;42.912;-79.626;"dunnville"
N1A1N8;42.907;-79.617;"dunnville"
N1A1N9;42.907;-79.617;"dunnville"
N1A1P1;42.909;-79.62;"dunnville"
N1A1P2;42.909;-79.62;"dunnville"
N1A1P3;42.898;-79.636;"dunnville"
N1A1P4;42.895;-79.646;"dunnville"
N1A1P5;42.889;-79.655;"dunnville"
N1A1P6;42.88;-79.677;"dunnville"
N1A1P7;42.897;-79.646;"dunnville"
N1A1P8;42.908;-79.623;"dunnville"
N1A1P9;42.902;-79.64;"dunnville"
N1A1R1;42.905;-79.619;"dunnville"
N1A1R2;42.905;-79.619;"dunnville"
N1A1R3;42.906;-79.621;"dunnville"
N1A1R4;42.906;-79.62;"dunnville"
N1A1R5;42.906;-79.622;"dunnville"
N1A1R6;42.906;-79.622;"dunnville"
N1A1R7;42.906;-79.62;"dunnville"
N1A1R8;42.907;-79.624;"dunnville"
N1A1R9;42.907;-79.622;"dunnville"
N1A1S1;42.907;-79.624;"dunnville"
N1A1S2;42.907;-79.621;"dunnville"
N1A1S3;42.908;-79.626;"dunnville"
N1A1S4;42.909;-79.628;"dunnville"
N1A1S5;42.909;-79.628;"dunnville"
N1A1S6;42.904;-79.619;"dunnville"
N1A1S7;42.904;-79.619;"dunnville"
N1A1S8;42.905;-79.621;"dunnville"
N1A1S9;42.905;-79.621;"dunnville"
N1A1T1;42.905;-79.623;"dunnville"
N1A1T2;42.905;-79.623;"dunnville"
N1A1T3;42.906;-79.625;"dunnville"
N1A1T4;42.906;-79.625;"dunnville"
N1A1T5;42.906;-79.621;"dunnville"
N1A1T6;42.907;-79.625;"dunnville"
N1A1T7;42.908;-79.629;"dunnville"
N1A1T8;42.908;-79.629;"dunnville"
N1A1T9;42.903;-79.62;"dunnville"
N1A1V1;42.903;-79.62;"dunnville"
N1A1V2;42.904;-79.621;"dunnville"
N1A1V3;42.904;-79.621;"dunnville"
N1A1V4;42.904;-79.624;"dunnville"
N1A1V5;42.904;-79.623;"dunnville"
N1A1V6;42.905;-79.625;"dunnville"
N1A1V7;42.905;-79.625;"dunnville"
N1A1V8;42.904;-79.628;"dunnville"
N1A1V9;42.908;-79.633;"dunnville"
N1A1W1;42.902;-79.62;"dunnville"
N1A1W2;42.902;-79.619;"dunnville"
N1A1W3;42.902;-79.619;"dunnville"
N1A1W4;42.902;-79.615;"dunnville"
N1A1W5;42.902;-79.618;"dunnville"
N1A1W6;42.901;-79.613;"dunnville"
N1A1W7;42.901;-79.61;"dunnville"
N1A1W8;42.893;-79.63;"dunnville"
N1A1W9;42.894;-79.63;"dunnville"
N1A1X1;42.893;-79.63;"dunnville"
N1A1X2;42.892;-79.63;"dunnville"
N1A1X3;42.887;-79.633;"dunnville"
N1A1X4;42.887;-79.633;"dunnville"
N1A1X5;42.892;-79.628;"dunnville"
N1A1X6;42.892;-79.625;"dunnville"
N1A1X7;42.892;-79.625;"dunnville"
N1A1X8;42.893;-79.624;"dunnville"
N1A1X9;42.893;-79.625;"dunnville"
N1A1Y1;42.893;-79.625;"dunnville"
N1A1Y2;42.893;-79.624;"dunnville"
N1A1Y3;42.859;-79.584;"dunnville"
N1A1Y4;42.859;-79.584;"dunnville"
N1A1Y5;42.859;-79.584;"dunnville"
N1A1Y6;42.859;-79.584;"dunnville"
N1A1Y7;42.86;-79.584;"dunnville"
N1A1Y8;42.892;-79.627;"dunnville"
N1A1Y9;42.892;-79.627;"dunnville"
N1A1Z1;42.892;-79.628;"dunnville"
N1A1Z2;42.891;-79.63;"dunnville"
N1A1Z3;42.895;-79.624;"dunnville"
N1A1Z4;42.883;-79.612;"dunnville"
N1A1Z5;42.893;-79.628;"dunnville"
N1A1Z6;42.893;-79.628;"dunnville"
N1A1Z7;42.893;-79.628;"dunnville"
N1A1Z8;42.893;-79.629;"dunnville"
N1A1Z9;42.893;-79.629;"dunnville"
N1A2A1;42.893;-79.629;"dunnville"
N1A2A2;42.905;-79.601;"dunnville"
N1A2A3;42.904;-79.601;"dunnville"
N1A2A4;42.908;-79.599;"dunnville"
N1A2A5;42.904;-79.603;"dunnville"
N1A2A6;42.904;-79.603;"dunnville"
N1A2A7;42.904;-79.603;"dunnville"
N1A2A8;42.904;-79.604;"dunnville"
N1A2A9;42.902;-79.608;"dunnville"
N1A2B1;42.902;-79.608;"dunnville"
N1A2B2;42.902;-79.608;"dunnville"
N1A2B3;42.903;-79.608;"dunnville"
N1A2B4;42.904;-79.608;"dunnville"
N1A2B5;42.904;-79.608;"dunnville"
N1A2B6;42.902;-79.611;"dunnville"
N1A2B7;42.902;-79.611;"dunnville"
N1A2B8;42.904;-79.611;"dunnville"
N1A2B9;42.904;-79.611;"dunnville"
N1A2C1;42.901;-79.614;"dunnville"
N1A2C2;42.905;-79.612;"dunnville"
N1A2C3;42.907;-79.586;"dunnville"
N1A2C4;42.902;-79.614;"dunnville"
N1A2C5;42.902;-79.614;"dunnville"
N1A2C6;42.903;-79.614;"dunnville"
N1A2C7;42.904;-79.614;"dunnville"
N1A2C8;42.905;-79.613;"dunnville"
N1A2C9;42.905;-79.613;"dunnville"
N1A2E1;42.906;-79.612;"dunnville"
N1A2E2;42.907;-79.612;"dunnville"
N1A2E3;42.907;-79.612;"dunnville"
N1A2E4;42.907;-79.612;"dunnville"
N1A2E5;42.908;-79.611;"dunnville"
N1A2E6;42.908;-79.611;"dunnville"
N1A2E7;42.909;-79.61;"dunnville"
N1A2E9;42.9;-79.615;"dunnville"
N1A2G1;42.9;-79.616;"dunnville"
N1A2G2;42.9;-79.616;"dunnville"
N1A2G3;42.903;-79.615;"dunnville"
N1A2G4;42.903;-79.615;"dunnville"
N1A2G5;42.904;-79.615;"dunnville"
N1A2G6;42.905;-79.615;"dunnville"
N1A2G7;42.905;-79.615;"dunnville"
N1A2G8;42.902;-79.616;"dunnville"
N1A2G9;42.902;-79.616;"dunnville"
N1A2H1;42.903;-79.617;"dunnville"
N1A2H2;42.903;-79.616;"dunnville"
N1A2H3;42.904;-79.617;"dunnville"
N1A2H4;42.906;-79.617;"dunnville"
N1A2H5;42.905;-79.617;"dunnville"
N1A2H6;42.905;-79.616;"dunnville"
N1A2H7;42.902;-79.62;"dunnville"
N1A2H8;42.903;-79.62;"dunnville"
N1A2H9;42.904;-79.619;"dunnville"
N1A2J1;42.904;-79.619;"dunnville"
N1A2J2;42.905;-79.618;"dunnville"
N1A2J3;42.905;-79.618;"dunnville"
N1A2J5;42.906;-79.618;"dunnville"
N1A2J6;42.907;-79.617;"dunnville"
N1A2J7;42.907;-79.617;"dunnville"
N1A2J8;42.91;-79.615;"dunnville"
N1A2J9;42.91;-79.615;"dunnville"
N1A2K1;42.91;-79.615;"dunnville"
N1A2K2;42.911;-79.614;"dunnville"
N1A2K3;42.911;-79.614;"dunnville"
N1A2K4;42.911;-79.614;"dunnville"
N1A2K5;42.911;-79.614;"dunnville"
N1A2K6;42.913;-79.612;"dunnville"
N1A2K7;42.911;-79.614;"dunnville"
N1A2K8;42.913;-79.613;"dunnville"
N1A2K9;42.912;-79.613;"dunnville"
N1A2L1;42.914;-79.612;"dunnville"
N1A2L2;42.902;-79.622;"dunnville"
N1A2L3;42.904;-79.621;"dunnville"
N1A2L4;42.904;-79.621;"dunnville"
N1A2L5;42.905;-79.621;"dunnville"
N1A2L6;42.905;-79.621;"dunnville"
N1A2L7;42.906;-79.62;"dunnville"
N1A2L8;42.907;-79.619;"dunnville"
N1A2L9;42.907;-79.619;"dunnville"
N1A2M1;42.908;-79.618;"dunnville"
N1A2M2;42.908;-79.618;"dunnville"
N1A2M3;42.909;-79.617;"dunnville"
N1A2M4;42.909;-79.617;"dunnville"
N1A2M5;42.91;-79.617;"dunnville"
N1A2M6;42.911;-79.616;"dunnville"
N1A2M7;42.911;-79.616;"dunnville"
N1A2M8;42.911;-79.616;"dunnville"
N1A2M9;42.912;-79.615;"dunnville"
N1A2N1;42.912;-79.615;"dunnville"
N1A2N2;42.903;-79.624;"dunnville"
N1A2N3;42.903;-79.624;"dunnville"
N1A2N4;42.904;-79.623;"dunnville"
N1A2N5;42.905;-79.623;"dunnville"
N1A2N6;43.359;-79.578;"dunnville"
N1A2N7;42.906;-79.622;"dunnville"
N1A2N8;42.907;-79.622;"dunnville"
N1A2N9;42.911;-79.618;"dunnville"
N1A2P1;42.911;-79.618;"dunnville"
N1A2P2;42.91;-79.619;"dunnville"
N1A2P3;42.907;-79.623;"dunnville"
N1A2P4;42.907;-79.622;"dunnville"
N1A2P5;42.904;-79.626;"dunnville"
N1A2P6;42.904;-79.626;"dunnville"
N1A2P7;42.905;-79.625;"dunnville"
N1A2P8;42.905;-79.625;"dunnville"
N1A2P9;42.906;-79.624;"dunnville"
N1A2R1;42.907;-79.623;"dunnville"
N1A2R2;42.907;-79.623;"dunnville"
N1A2R3;42.908;-79.622;"dunnville"
N1A2R4;42.91;-79.621;"dunnville"
N1A2R5;42.91;-79.621;"dunnville"
N1A2R6;42.913;-79.619;"dunnville"
N1A2R7;42.914;-79.618;"dunnville"
N1A2R8;42.914;-79.618;"dunnville"
N1A2R9;42.914;-79.619;"dunnville"
N1A2S1;42.913;-79.62;"dunnville"
N1A2S2;42.908;-79.625;"dunnville"
N1A2S3;42.908;-79.625;"dunnville"
N1A2S4;42.905;-79.628;"dunnville"
N1A2S5;42.905;-79.628;"dunnville"
N1A2S6;42.906;-79.627;"dunnville"
N1A2S7;42.906;-79.627;"dunnville"
N1A2S8;42.907;-79.627;"dunnville"
N1A2S9;42.907;-79.627;"dunnville"
N1A2T0;42.904;-79.627;"dunnville"
N1A2T1;42.908;-79.626;"dunnville"
N1A2T2;42.908;-79.626;"dunnville"
N1A2T3;42.909;-79.625;"dunnville"
N1A2T4;42.907;-79.629;"dunnville"
N1A2T5;42.907;-79.629;"dunnville"
N1A2T6;42.908;-79.629;"dunnville"
N1A2T7;42.908;-79.629;"dunnville"
N1A2T8;42.909;-79.628;"dunnville"
N1A2T9;42.913;-79.625;"dunnville"
N1A2V1;42.914;-79.624;"dunnville"
N1A2V2;42.915;-79.623;"dunnville"
N1A2V3;42.91;-79.63;"dunnville"
N1A2V4;42.91;-79.63;"dunnville"
N1A2V5;42.92;-79.61;"dunnville"
N1A2V6;42.92;-79.61;"dunnville"
N1A2V7;42.921;-79.609;"dunnville"
N1A2V8;42.922;-79.608;"dunnville"
N1A2V9;42.901;-79.615;"dunnville"
N1A2W1;42.964;-79.621;"dunnville"
N1A2W2;42.957;-79.572;"dunnville"
N1A2W3;42.906;-79.688;"dunnville"
N1A2W4;42.904;-79.648;"dunnville"
N1A2W5;42.903;-79.558;"dunnville"
N1A2W6;42.858;-79.596;"dunnville"
N1A2W7;42.941;-79.562;"dunnville"
N1A2W8;42.875;-79.67;"dunnville"
N1A2W9;42.911;-79.629;"dunnville"
N1A2X1;42.902;-79.611;"dunnville"
N1A2X2;42.911;-79.629;"dunnville"
N1A2X3;42.911;-79.629;"dunnville"
N1A2X4;42.911;-79.629;"dunnville"
N1A2X5;42.894;-79.616;"dunnville"
N1A2X6;42.911;-79.629;"dunnville"
N1A2X7;42.913;-79.621;"dunnville"
N1A2X8;42.917;-79.613;"dunnville"
N1A2X9;42.918;-79.614;"dunnville"
N1A2Y1;42.901;-79.616;"dunnville"
N1A2Y2;42.902;-79.617;"dunnville"
N1A2Y3;42.914;-79.621;"dunnville"
N1A2Y4;42.915;-79.62;"dunnville"
N1A2Y5;42.901;-79.614;"dunnville"
N1A2Y6;42.911;-79.629;"dunnville"
N1A2Y7;42.902;-79.615;"dunnville"
N1A2Y8;42.902;-79.616;"dunnville"
N1A2Y9;42.916;-79.626;"dunnville"
N1A2Z1;42.904;-79.595;"dunnville"
N1A2Z2;42.904;-79.596;"dunnville"
N1A2Z3;42.903;-79.602;"dunnville"
N1A2Z4;42.903;-79.602;"dunnville"
N1A2Z5;42.905;-79.594;"dunnville"
N1A2Z6;42.905;-79.591;"dunnville"
N1A2Z8;42.906;-79.589;"dunnville"
N1A2Z9;42.908;-79.588;"dunnville"
N1A3A1;42.905;-79.593;"dunnville"
N1A3A2;42.905;-79.591;"dunnville"
N1A3A3;42.907;-79.588;"dunnville"
N1A3A4;42.907;-79.588;"dunnville"
N1A3A5;42.909;-79.584;"dunnville"
N1A3A6;42.906;-79.588;"dunnville"
N1A3A7;42.906;-79.587;"dunnville"
N1A3A8;42.908;-79.583;"dunnville"
N1A3A9;42.908;-79.583;"dunnville"
N1A3B1;42.908;-79.583;"dunnville"
N1A3B2;42.909;-79.582;"dunnville"
N1A3B3;42.903;-79.591;"dunnville"
N1A3B4;42.905;-79.59;"dunnville"
N1A3B5;42.905;-79.591;"dunnville"
N1A3B6;42.906;-79.578;"dunnville"
N1A3B7;42.905;-79.577;"dunnville"
N1A3B8;42.906;-79.579;"dunnville"
N1A3B9;42.906;-79.577;"dunnville"
N1A3C1;42.905;-79.589;"dunnville"
N1A3C2;42.907;-79.588;"dunnville"
N1A3C3;42.907;-79.587;"dunnville"
N1A3C4;42.905;-79.588;"dunnville"
N1A3C5;42.906;-79.589;"dunnville"
N1A3C6;42.905;-79.588;"dunnville"
N1A3C7;42.902;-79.62;"dunnville"
N1A3C8;42.902;-79.62;"dunnville"
N1A3C9;42.902;-79.622;"dunnville"
N1A3E1;42.91;-79.627;"dunnville"
N1A3E2;42.911;-79.627;"dunnville"
N1A3E3;42.916;-79.617;"dunnville"
N1A3E4;42.916;-79.617;"dunnville"
N1A3E5;42.915;-79.614;"dunnville"
N1A3E6;42.915;-79.615;"dunnville"
N1A3E7;42.908;-79.599;"dunnville"
N1A3E8;42.912;-79.625;"dunnville"
N1A3E9;42.905;-79.612;"dunnville"
N1A3G1;42.917;-79.613;"dunnville"
N1A3G2;42.913;-79.622;"dunnville"
N1A3G3;42.911;-79.62;"dunnville"
N1A3G4;42.912;-79.625;"dunnville"
N1A3G5;42.908;-79.619;"dunnville"
N1A3G6;42.911;-79.608;"dunnville"
N1A3G7;42.901;-79.619;"dunnville"
N1A3G8;42.911;-79.607;"dunnville"
N1A3G9;42.908;-79.619;"dunnville"
N1A3H1;42.91;-79.61;"dunnville"
N1A3H2;42.911;-79.609;"dunnville"
N1A3H3;42.91;-79.609;"dunnville"
N1A3H4;42.907;-79.617;"dunnville"
N1A3H5;42.905;-79.617;"dunnville"
N1A3H6;42.913;-79.606;"dunnville"
N1A3W7;42.906;-79.586;"dunnville"
N1A4E9;42.916;-79.594;"dunnville"
N1A6A0;42.919;-79.597;"dunnville"
N1A6G2;42.916;-79.594;"dunnville"
N1A6J1;42.916;-79.594;"dunnville"
N1A8A5;42.916;-79.594;"dunnville"
N1A9P6;42.908;-79.614;"dunnville"
N1B1C1;43.497;-80.236;"guelph"
N1B1Z0;43.772;-80.093;"erin"
N1B8N8;43.549;-80.258;"guelph"
N1C0A8;43.498;-80.234;"guelph"
N1C0C8;43.578;-80.221;"guelph"
N1C1A1;43.502;-80.237;"guelph"
N1C1A2;43.5;-80.237;"guelph"
N1C1A3;43.498;-80.236;"guelph"
N1C1A4;43.5;-80.234;"guelph"
N1C1A5;43.503;-80.242;"guelph"
N1C1A6;43.504;-80.241;"guelph"
N1C1A7;43.503;-80.238;"guelph"
N1C1A8;43.501;-80.237;"guelph"
N1C1A9;43.5;-80.235;"guelph"
N1C1B1;43.498;-80.236;"guelph"
N1C1B2;43.496;-80.237;"guelph"
N1C1B3;43.498;-80.243;"guelph"
N1C1B4;43.499;-80.243;"guelph"
N1C1B5;43.499;-80.242;"guelph"
N1C1B6;43.501;-80.245;"guelph"
N1C1B7;43.501;-80.244;"guelph"
N1C1B8;43.502;-80.245;"guelph"
N1C1B9;43.491;-80.215;"guelph"
N1C1C1;43.491;-80.212;"guelph"
N1C1C2;43.491;-80.215;"guelph"
N1C1C3;43.478;-80.227;"guelph"
N1C1C4;43.496;-80.233;"guelph"
N1C1C5;43.484;-80.229;"guelph"
N1C1C6;43.504;-80.237;"guelph"
N1C1C7;43.505;-80.239;"guelph"
N1C1C8;43.498;-80.239;"guelph"
N1C1C9;43.497;-80.243;"guelph"
N1C1E1;43.496;-80.243;"guelph"
N1C1E2;43.497;-80.241;"guelph"
N1C1E3;43.496;-80.242;"guelph"
N1C1E4;43.497;-80.24;"guelph"
N1C1E5;43.5;-80.244;"guelph"
N1C1E6;43.498;-80.239;"guelph"
N1C1E7;43.497;-80.238;"guelph"
N1C1E8;43.499;-80.242;"guelph"
N1C1E9;43.503;-80.246;"guelph"
N1C1G1;43.504;-80.245;"guelph"
N1C1G3;43.497;-80.232;"guelph"
N1C1G4;43.498;-80.228;"guelph"
N1C1G5;43.499;-80.229;"guelph"
N1C1G6;43.499;-80.229;"guelph"
N1C1G7;43.499;-80.228;"guelph"
N1C1G8;43.499;-80.227;"guelph"
N1C1G9;43.499;-80.228;"guelph"
N1C1H1;43.499;-80.227;"guelph"
N1C1H2;43.498;-80.227;"guelph"
N1C1H3;43.498;-80.225;"guelph"
N1C1H7;43.498;-80.226;"guelph"
N1C1J1;43.489;-80.229;"guelph"
N1C2H6;43.492;-80.227;"guelph"
N1C2J4;43.49;-80.23;"guelph"
N1C3B8;43.494;-80.224;"guelph"
N1C3C1;43.546;-80.236;"guelph"
N1C3C4;43.489;-80.229;"guelph"
N1C3G4;43.356;-80.328;"cambridge"
N1C3G9;43.489;-80.229;"guelph"
N1C6V6;43.492;-80.227;"guelph"
N1D1X8;43.394;-80.296;"cambridge"
N1E0A1;43.577;-80.221;"guelph"
N1E0A2;43.578;-80.22;"guelph"
N1E0A3;43.56;-80.22;"guelph"
N1E0A4;43.56;-80.219;"guelph"
N1E0A5;43.559;-80.221;"guelph"
N1E0A6;43.574;-80.223;"guelph"
N1E0A7;43.567;-80.216;"guelph"
N1E0A8;43.539;-80.313;"guelph"
N1E0A9;43.579;-80.27;"guelph"
N1E0B1;43.579;-80.269;"guelph"
N1E0B2;43.571;-80.233;"guelph"
N1E0B3;43.571;-80.232;"guelph"
N1E0B4;43.57;-80.232;"guelph"
N1E0B5;43.57;-80.229;"guelph"
N1E0B6;43.57;-80.232;"guelph"
N1E0B7;43.571;-80.232;"guelph"
N1E0B8;43.572;-80.231;"guelph"
N1E0B9;43.571;-80.213;"guelph"
N1E0C1;43.57;-80.212;"guelph"
N1E0C2;43.535;-80.246;"guelph"
N1E0C3;43.567;-80.222;"guelph"
N1E0C4;43.566;-80.225;"guelph"
N1E0C5;43.576;-80.221;"guelph"
N1E0C6;43.578;-80.222;"guelph"
N1E0C7;43.578;-80.222;"guelph"
N1E0C8;43.578;-80.221;"guelph"
N1E0C9;43.58;-80.261;"guelph"
N1E0E1;43.582;-80.26;"guelph"
N1E0E2;43.583;-80.258;"guelph"
N1E0E3;43.582;-80.257;"guelph"
N1E0E4;43.581;-80.257;"guelph"
N1E0E5;43.542;-80.309;"guelph"
N1E0E6;43.55;-80.221;"guelph"
N1E0E7;43.54;-80.207;"guelph"
N1E0E8;43.579;-80.224;"guelph"
N1E0E9;43.58;-80.223;"guelph"
N1E0G1;43.58;-80.225;"guelph"
N1E0G2;43.58;-80.225;"guelph"
N1E0G3;43.58;-80.223;"guelph"
N1E0G4;43.58;-80.269;"guelph"
N1E0G5;43.574;-80.243;"guelph"
N1E0G6;43.565;-80.236;"guelph"
N1E0G7;43.577;-80.223;"guelph"
N1E0G8;43.571;-80.228;"guelph"
N1E0G9;43.572;-80.228;"guelph"
N1E0H1;43.581;-80.268;"guelph"
N1E0H2;43.572;-80.228;"guelph"
N1E0H3;43.573;-80.229;"guelph"
N1E0H4;43.579;-80.27;"guelph"
N1E0H6;43.572;-80.228;"guelph"
N1E0H7;43.573;-80.229;"guelph"
N1E0H8;43.573;-80.229;"guelph"
N1E0H9;43.582;-80.266;"guelph"
N1E0J1;43.569;-80.236;"guelph"
N1E0J2;43.58;-80.267;"guelph"
N1E0J4;43.559;-80.267;"guelph"
N1E0J7;43.58;-80.226;"guelph"
N1E0K1;43.563;-80.225;"guelph"
N1E1A1;43.574;-80.268;"guelph"
N1E1A2;43.574;-80.268;"guelph"
N1E1A3;43.573;-80.269;"guelph"
N1E1A4;43.573;-80.269;"guelph"
N1E1A5;43.574;-80.268;"guelph"
N1E1A6;43.574;-80.266;"guelph"
N1E1A7;43.574;-80.267;"guelph"
N1E1A8;43.574;-80.267;"guelph"
N1E1A9;43.576;-80.264;"guelph"
N1E1B0;43.579;-80.268;"guelph"
N1E1B1;43.576;-80.264;"guelph"
N1E1B2;43.577;-80.263;"guelph"
N1E1B3;43.579;-80.261;"guelph"
N1E1B4;43.58;-80.26;"guelph"
N1E1B5;43.58;-80.258;"guelph"
N1E1B6;43.581;-80.258;"guelph"
N1E1B7;43.57;-80.27;"guelph"
N1E1B8;43.573;-80.266;"guelph"
N1E1B9;43.577;-80.261;"guelph"
N1E1C1;43.577;-80.26;"guelph"
N1E1C2;43.58;-80.257;"guelph"
N1E1C3;43.579;-80.258;"guelph"
N1E1C4;43.562;-80.282;"guelph"
N1E1C5;43.574;-80.264;"guelph"
N1E1C6;43.574;-80.263;"guelph"
N1E1C7;43.577;-80.255;"guelph"
N1E1C8;43.578;-80.254;"guelph"
N1E1C9;43.578;-80.256;"guelph"
N1E1E0;43.563;-80.24;"guelph"
N1E1E1;43.578;-80.256;"guelph"
N1E1E2;43.573;-80.261;"guelph"
N1E1E3;43.573;-80.261;"guelph"
N1E1E4;43.573;-80.262;"guelph"
N1E1E5;43.573;-80.262;"guelph"
N1E1E6;43.573;-80.262;"guelph"
N1E1E7;43.576;-80.254;"guelph"
N1E1E8;43.575;-80.256;"guelph"
N1E1E9;43.576;-80.254;"guelph"
N1E1G1;43.577;-80.252;"guelph"
N1E1G2;43.577;-80.254;"guelph"
N1E1G3;43.578;-80.25;"guelph"
N1E1G4;43.578;-80.25;"guelph"
N1E1G5;43.566;-80.268;"guelph"
N1E1G6;43.568;-80.266;"guelph"
N1E1G7;43.57;-80.263;"guelph"
N1E1G8;43.571;-80.261;"guelph"
N1E1G9;43.571;-80.261;"guelph"
N1E1H1;43.572;-80.26;"guelph"
N1E1H2;43.573;-80.257;"guelph"
N1E1H3;43.572;-80.254;"guelph"
N1E1H4;43.571;-80.254;"guelph"
N1E1H5;43.571;-80.253;"guelph"
N1E1H6;43.574;-80.255;"guelph"
N1E1H7;43.574;-80.256;"guelph"
N1E1H8;43.578;-80.25;"guelph"
N1E1H9;43.575;-80.251;"guelph"
N1E1J1;43.576;-80.252;"guelph"
N1E1J2;43.572;-80.257;"guelph"
N1E1J3;43.572;-80.257;"guelph"
N1E1J4;43.565;-80.268;"guelph"
N1E1J5;43.565;-80.267;"guelph"
N1E1J6;43.574;-80.252;"guelph"
N1E1J7;43.574;-80.255;"guelph"
N1E1J8;43.568;-80.26;"guelph"
N1E1J9;43.568;-80.26;"guelph"
N1E1K1;43.569;-80.259;"guelph"
N1E1K2;43.567;-80.261;"guelph"
N1E1K3;43.567;-80.261;"guelph"
N1E1K4;43.565;-80.263;"guelph"
N1E1K5;43.566;-80.262;"guelph"
N1E1K6;43.575;-80.25;"guelph"
N1E1K7;43.575;-80.25;"guelph"
N1E1K8;43.566;-80.26;"guelph"
N1E1K9;43.567;-80.26;"guelph"
N1E1L1;43.563;-80.264;"guelph"
N1E1L2;43.564;-80.264;"guelph"
N1E1L3;43.562;-80.266;"guelph"
N1E1L4;43.562;-80.265;"guelph"
N1E1L5;43.562;-80.266;"guelph"
N1E1L6;43.565;-80.262;"guelph"
N1E1L7;43.564;-80.261;"guelph"
N1E1L8;43.565;-80.26;"guelph"
N1E1L9;43.566;-80.26;"guelph"
N1E1M0;43.569;-80.257;"guelph"
N1E1M1;43.566;-80.259;"guelph"
N1E1M2;43.559;-80.268;"guelph"
N1E1M3;43.561;-80.265;"guelph"
N1E1M4;43.555;-80.273;"guelph"
N1E1M5;43.555;-80.273;"guelph"
N1E1M6;43.556;-80.272;"guelph"
N1E1M7;43.563;-80.262;"guelph"
N1E1M8;43.548;-80.282;"guelph"
N1E1M9;43.563;-80.262;"guelph"
N1E1N0;43.519;-80.324;"guelph"
N1E1N1;43.553;-80.275;"guelph"
N1E1N2;43.547;-80.284;"guelph"
N1E1N3;43.555;-80.273;"guelph"
N1E1N4;43.558;-80.268;"guelph"
N1E1N5;43.558;-80.269;"guelph"
N1E1N6;43.544;-80.289;"guelph"
N1E1N7;43.551;-80.278;"guelph"
N1E1N8;43.569;-80.254;"guelph"
N1E1N9;43.569;-80.254;"guelph"
N1E1P1;43.54;-80.294;"guelph"
N1E1P2;43.57;-80.252;"guelph"
N1E1P3;43.571;-80.251;"guelph"
N1E1P4;43.552;-80.278;"guelph"
N1E1P5;43.556;-80.272;"guelph"
N1E1P6;43.555;-80.273;"guelph"
N1E1P7;43.542;-80.291;"guelph"
N1E1P8;43.572;-80.249;"guelph"
N1E1P9;43.572;-80.249;"guelph"
N1E1R1;43.564;-80.258;"guelph"
N1E1R2;43.564;-80.258;"guelph"
N1E1R3;43.565;-80.257;"guelph"
N1E1R4;43.562;-80.26;"guelph"
N1E1R5;43.562;-80.261;"guelph"
N1E1R6;43.568;-80.254;"guelph"
N1E1R7;43.568;-80.252;"guelph"
N1E1R8;43.567;-80.254;"guelph"
N1E1R9;43.567;-80.254;"guelph"
N1E1S1;43.56;-80.262;"guelph"
N1E1S2;43.56;-80.262;"guelph"
N1E1S3;43.562;-80.259;"guelph"
N1E1S4;43.562;-80.259;"guelph"
N1E1S5;43.563;-80.258;"guelph"
N1E1S6;43.571;-80.246;"guelph"
N1E1S7;43.572;-80.246;"guelph"
N1E1S8;43.572;-80.246;"guelph"
N1E1S9;43.57;-80.247;"guelph"
N1E1T1;43.571;-80.246;"guelph"
N1E1T2;43.571;-80.246;"guelph"
N1E1T3;43.571;-80.245;"guelph"
N1E1T4;43.559;-80.262;"guelph"
N1E1T5;43.559;-80.262;"guelph"
N1E1T6;43.559;-80.261;"guelph"
N1E1T7;43.559;-80.26;"guelph"
N1E1T8;43.561;-80.258;"guelph"
N1E1T9;43.56;-80.259;"guelph"
N1E1V1;43.561;-80.258;"guelph"
N1E1V2;43.563;-80.256;"guelph"
N1E1V3;43.562;-80.256;"guelph"
N1E1V4;43.563;-80.255;"guelph"
N1E1V5;43.564;-80.254;"guelph"
N1E1V6;43.565;-80.253;"guelph"
N1E1V7;43.565;-80.254;"guelph"
N1E1V8;43.565;-80.252;"guelph"
N1E1V9;43.566;-80.251;"guelph"
N1E1W1;43.559;-80.257;"guelph"
N1E1W2;43.559;-80.257;"guelph"
N1E1W3;43.559;-80.255;"guelph"
N1E1W4;43.559;-80.255;"guelph"
N1E1W5;43.56;-80.258;"guelph"
N1E1W6;43.559;-80.257;"guelph"
N1E1W7;43.564;-80.252;"guelph"
N1E1W8;43.564;-80.252;"guelph"
N1E1W9;43.566;-80.249;"guelph"
N1E1X1;43.566;-80.249;"guelph"
N1E1X2;43.567;-80.246;"guelph"
N1E1X3;43.567;-80.246;"guelph"
N1E1X4;43.561;-80.254;"guelph"
N1E1X5;43.561;-80.254;"guelph"
N1E1X6;43.561;-80.253;"guelph"
N1E1X7;43.569;-80.241;"guelph"
N1E1X8;43.569;-80.242;"guelph"
N1E1X9;43.569;-80.241;"guelph"
N1E1Y1;43.568;-80.245;"guelph"
N1E1Y2;43.567;-80.244;"guelph"
N1E1Y3;43.567;-80.244;"guelph"
N1E1Y4;43.565;-80.246;"guelph"
N1E1Y5;43.565;-80.245;"guelph"
N1E1Y6;43.565;-80.245;"guelph"
N1E1Y7;43.563;-80.247;"guelph"
N1E1Y8;43.563;-80.246;"guelph"
N1E1Y9;43.563;-80.246;"guelph"
N1E1Z1;43.563;-80.246;"guelph"
N1E1Z2;43.559;-80.25;"guelph"
N1E1Z3;43.559;-80.25;"guelph"
N1E1Z4;43.565;-80.242;"guelph"
N1E1Z5;43.566;-80.241;"guelph"
N1E1Z6;43.568;-80.238;"guelph"
N1E1Z7;43.554;-80.254;"guelph"
N1E1Z8;43.555;-80.254;"guelph"
N1E1Z9;43.554;-80.254;"guelph"
N1E2A1;43.555;-80.253;"guelph"
N1E2A2;43.559;-80.247;"guelph"
N1E2A3;43.563;-80.241;"guelph"
N1E2A4;43.562;-80.241;"guelph"
N1E2A5;43.562;-80.241;"guelph"
N1E2A6;43.561;-80.242;"guelph"
N1E2A7;43.561;-80.243;"guelph"
N1E2A8;43.561;-80.244;"guelph"
N1E2A9;43.563;-80.243;"guelph"
N1E2B1;43.559;-80.242;"guelph"
N1E2B2;43.562;-80.241;"guelph"
N1E2B3;43.562;-80.241;"guelph"
N1E2B4;43.557;-80.247;"guelph"
N1E2B5;43.557;-80.247;"guelph"
N1E2B6;43.562;-80.239;"guelph"
N1E2B7;43.552;-80.253;"guelph"
N1E2B8;43.552;-80.253;"guelph"
N1E2B9;43.553;-80.252;"guelph"
N1E2C1;43.553;-80.252;"guelph"
N1E2C2;43.553;-80.252;"guelph"
N1E2C3;43.556;-80.248;"guelph"
N1E2C4;43.557;-80.247;"guelph"
N1E2C5;43.557;-80.246;"guelph"
N1E2C6;43.557;-80.246;"guelph"
N1E2C7;43.558;-80.245;"guelph"
N1E2C8;43.558;-80.245;"guelph"
N1E2C9;43.558;-80.245;"guelph"
N1E2E1;43.561;-80.24;"guelph"
N1E2E2;43.561;-80.24;"guelph"
N1E2E3;43.552;-80.253;"guelph"
N1E2E4;43.552;-80.253;"guelph"
N1E2E5;43.558;-80.244;"guelph"
N1E2E6;43.558;-80.244;"guelph"
N1E2E7;43.561;-80.24;"guelph"
N1E2E8;43.559;-80.241;"guelph"
N1E2E9;43.562;-80.24;"guelph"
N1E2G1;43.564;-80.241;"guelph"
N1E2G2;43.563;-80.241;"guelph"
N1E2G3;43.565;-80.243;"guelph"
N1E2G4;43.557;-80.243;"guelph"
N1E2G5;43.557;-80.243;"guelph"
N1E2G6;43.551;-80.252;"guelph"
N1E2G7;43.551;-80.252;"guelph"
N1E2G8;43.551;-80.252;"guelph"
N1E2G9;43.552;-80.25;"guelph"
N1E2H1;43.553;-80.248;"guelph"
N1E2H2;43.553;-80.248;"guelph"
N1E2H3;43.554;-80.248;"guelph"
N1E2H4;43.554;-80.248;"guelph"
N1E2H5;43.554;-80.247;"guelph"
N1E2H6;43.555;-80.246;"guelph"
N1E2H7;43.555;-80.246;"guelph"
N1E2H8;43.557;-80.243;"guelph"
N1E2H9;43.558;-80.24;"guelph"
N1E2J1;43.559;-80.24;"guelph"
N1E2J2;43.559;-80.24;"guelph"
N1E2J3;43.56;-80.238;"guelph"
N1E2J4;43.56;-80.238;"guelph"
N1E2J5;43.561;-80.236;"guelph"
N1E2J6;43.562;-80.236;"guelph"
N1E2J7;43.562;-80.234;"guelph"
N1E2J8;43.562;-80.236;"guelph"
N1E2J9;43.554;-80.245;"guelph"
N1E2K1;43.556;-80.245;"guelph"
N1E2K2;43.555;-80.244;"guelph"
N1E2K3;43.556;-80.245;"guelph"
N1E2K4;43.558;-80.239;"guelph"
N1E2K5;43.558;-80.239;"guelph"
N1E2K6;43.559;-80.238;"guelph"
N1E2K7;43.56;-80.237;"guelph"
N1E2K8;43.56;-80.237;"guelph"
N1E2K9;43.56;-80.237;"guelph"
N1E2L1;43.549;-80.251;"guelph"
N1E2L2;43.549;-80.25;"guelph"
N1E2L3;43.55;-80.25;"guelph"
N1E2L4;43.546;-80.25;"guelph"
N1E2L5;43.551;-80.25;"guelph"
N1E2L6;43.551;-80.25;"guelph"
N1E2L7;43.552;-80.25;"guelph"
N1E2L8;43.553;-80.25;"guelph"
N1E2L9;43.553;-80.25;"guelph"
N1E2M0;43.56;-80.245;"guelph"
N1E2M1;43.554;-80.25;"guelph"
N1E2M2;43.554;-80.25;"guelph"
N1E2M3;43.555;-80.25;"guelph"
N1E2M4;43.556;-80.25;"guelph"
N1E2M5;43.556;-80.25;"guelph"
N1E2M6;43.557;-80.249;"guelph"
N1E2M7;43.558;-80.249;"guelph"
N1E2M8;43.559;-80.249;"guelph"
N1E2M9;43.564;-80.248;"guelph"
N1E2N0;43.54;-80.276;"guelph"
N1E2N1;43.56;-80.249;"guelph"
N1E2N2;43.56;-80.249;"guelph"
N1E2N3;43.564;-80.248;"guelph"
N1E2N4;43.568;-80.248;"guelph"
N1E2N5;43.569;-80.248;"guelph"
N1E2N6;43.569;-80.248;"guelph"
N1E2N7;43.572;-80.247;"guelph"
N1E2N8;43.572;-80.247;"guelph"
N1E2N9;43.574;-80.247;"guelph"
N1E2P1;43.557;-80.239;"guelph"
N1E2P2;43.557;-80.238;"guelph"
N1E2P3;43.558;-80.237;"guelph"
N1E2P4;43.558;-80.238;"guelph"
N1E2P5;43.55;-80.248;"guelph"
N1E2P6;43.55;-80.249;"guelph"
N1E2P7;43.55;-80.248;"guelph"
N1E2P8;43.55;-80.248;"guelph"
N1E2P9;43.551;-80.247;"guelph"
N1E2R1;43.551;-80.247;"guelph"
N1E2R2;43.552;-80.245;"guelph"
N1E2R3;43.552;-80.245;"guelph"
N1E2R4;43.553;-80.244;"guelph"
N1E2R5;43.553;-80.244;"guelph"
N1E2R6;43.554;-80.243;"guelph"
N1E2R7;43.554;-80.243;"guelph"
N1E2R8;43.555;-80.241;"guelph"
N1E2R9;43.555;-80.241;"guelph"
N1E2S1;43.556;-80.24;"guelph"
N1E2S2;43.556;-80.24;"guelph"
N1E2S3;43.553;-80.243;"guelph"
N1E2S4;43.553;-80.243;"guelph"
N1E2S5;43.556;-80.237;"guelph"
N1E2S6;43.557;-80.237;"guelph"
N1E2S7;43.557;-80.237;"guelph"
N1E2S8;43.557;-80.237;"guelph"
N1E2S9;43.548;-80.248;"guelph"
N1E2T1;43.549;-80.247;"guelph"
N1E2T2;43.549;-80.246;"guelph"
N1E2T3;43.552;-80.242;"guelph"
N1E2T4;43.552;-80.242;"guelph"
N1E2T5;43.55;-80.245;"guelph"
N1E2T6;43.55;-80.244;"guelph"
N1E2T7;43.551;-80.244;"guelph"
N1E2T8;43.551;-80.243;"guelph"
N1E2T9;43.551;-80.242;"guelph"
N1E2V1;43.552;-80.242;"guelph"
N1E2V2;43.552;-80.241;"guelph"
N1E2V3;43.554;-80.239;"guelph"
N1E2V4;43.558;-80.232;"guelph"
N1E2V5;43.553;-80.24;"guelph"
N1E2V6;43.557;-80.235;"guelph"
N1E2V7;43.555;-80.237;"guelph"
N1E2V8;43.558;-80.232;"guelph"
N1E2V9;43.556;-80.236;"guelph"
N1E2W1;43.558;-80.232;"guelph"
N1E2W2;43.558;-80.233;"guelph"
N1E2W3;43.558;-80.233;"guelph"
N1E2W4;43.558;-80.232;"guelph"
N1E2W5;43.55;-80.241;"guelph"
N1E2W6;43.549;-80.243;"guelph"
N1E2W7;43.554;-80.237;"guelph"
N1E2W8;43.551;-80.24;"guelph"
N1E2W9;43.548;-80.242;"guelph"
N1E2X1;43.549;-80.241;"guelph"
N1E2X2;43.549;-80.241;"guelph"
N1E2X3;43.552;-80.237;"guelph"
N1E2X4;43.55;-80.239;"guelph"
N1E2X5;43.551;-80.237;"guelph"
N1E2X6;43.553;-80.235;"guelph"
N1E2X7;43.553;-80.235;"guelph"
N1E2X8;43.555;-80.233;"guelph"
N1E2X9;43.555;-80.231;"guelph"
N1E2Y1;43.556;-80.223;"guelph"
N1E2Y2;43.556;-80.224;"guelph"
N1E2Y3;43.552;-80.234;"guelph"
N1E2Y4;43.552;-80.234;"guelph"
N1E2Y5;43.553;-80.234;"guelph"
N1E2Y6;43.549;-80.238;"guelph"
N1E2Y7;43.55;-80.236;"guelph"
N1E2Y8;43.55;-80.237;"guelph"
N1E2Y9;43.551;-80.236;"guelph"
N1E2Z1;43.552;-80.234;"guelph"
N1E2Z2;43.551;-80.235;"guelph"
N1E2Z3;43.552;-80.234;"guelph"
N1E2Z4;43.545;-80.241;"guelph"
N1E2Z5;43.545;-80.241;"guelph"
N1E2Z6;43.545;-80.239;"guelph"
N1E2Z7;43.547;-80.237;"guelph"
N1E2Z8;43.547;-80.237;"guelph"
N1E2Z9;43.548;-80.236;"guelph"
N1E3A1;43.548;-80.235;"guelph"
N1E3A2;43.548;-80.235;"guelph"
N1E3A3;43.549;-80.234;"guelph"
N1E3A4;43.549;-80.234;"guelph"
N1E3A5;43.55;-80.233;"guelph"
N1E3A6;43.55;-80.233;"guelph"
N1E3A7;43.551;-80.232;"guelph"
N1E3A8;43.55;-80.232;"guelph"
N1E3A9;43.544;-80.239;"guelph"
N1E3B1;43.544;-80.239;"guelph"
N1E3B2;43.548;-80.239;"guelph"
N1E3B3;43.545;-80.234;"guelph"
N1E3B4;43.545;-80.235;"guelph"
N1E3B5;43.546;-80.237;"guelph"
N1E3B6;43.546;-80.237;"guelph"
N1E3B7;43.553;-80.227;"guelph"
N1E3B8;43.553;-80.228;"guelph"
N1E3B9;43.546;-80.237;"guelph"
N1E3C1;43.546;-80.237;"guelph"
N1E3C2;43.546;-80.236;"guelph"
N1E3C3;43.551;-80.229;"guelph"
N1E3C4;43.55;-80.23;"guelph"
N1E3C5;43.551;-80.229;"guelph"
N1E3C6;43.543;-80.241;"guelph"
N1E3C7;43.543;-80.241;"guelph"
N1E3C8;43.543;-80.24;"guelph"
N1E3C9;43.543;-80.24;"guelph"
N1E3E1;43.543;-80.24;"guelph"
N1E3E2;43.544;-80.239;"guelph"
N1E3E3;43.544;-80.237;"guelph"
N1E3E4;43.544;-80.236;"guelph"
N1E3E5;43.542;-80.239;"guelph"
N1E3E6;43.542;-80.238;"guelph"
N1E3E7;43.543;-80.237;"guelph"
N1E3E8;43.543;-80.236;"guelph"
N1E3E9;43.544;-80.235;"guelph"
N1E3G1;43.544;-80.235;"guelph"
N1E3G2;43.542;-80.239;"guelph"
N1E3G3;43.547;-80.231;"guelph"
N1E3G4;43.541;-80.242;"guelph"
N1E3G5;43.547;-80.231;"guelph"
N1E3G6;43.548;-80.23;"guelph"
N1E3G7;43.548;-80.229;"guelph"
N1E3G8;43.548;-80.229;"guelph"
N1E3G9;43.548;-80.229;"guelph"
N1E3H1;43.548;-80.229;"guelph"
N1E3H2;43.549;-80.229;"guelph"
N1E3H3;43.553;-80.223;"guelph"
N1E3H4;43.549;-80.228;"guelph"
N1E3H5;43.55;-80.226;"guelph"
N1E3H6;43.553;-80.223;"guelph"
N1E3H7;43.551;-80.226;"guelph"
N1E3H8;43.55;-80.226;"guelph"
N1E3H9;43.554;-80.204;"guelph"
N1E3J0;43.554;-80.204;"guelph"
N1E3J1;43.554;-80.221;"guelph"
N1E3J2;43.552;-80.224;"guelph"
N1E3J3;43.556;-80.218;"guelph"
N1E3J4;43.552;-80.223;"guelph"
N1E3J5;43.547;-80.228;"guelph"
N1E3J6;43.547;-80.228;"guelph"
N1E3J7;43.547;-80.226;"guelph"
N1E3J8;43.576;-80.27;"guelph"
N1E3J9;43.576;-80.27;"guelph"
N1E3K1;43.573;-80.269;"guelph"
N1E3K2;43.573;-80.269;"guelph"
N1E3K3;43.58;-80.26;"guelph"
N1E3K4;43.58;-80.259;"guelph"
N1E3K5;43.58;-80.259;"guelph"
N1E3K6;43.573;-80.269;"guelph"
N1E3K7;43.572;-80.268;"guelph"
N1E3K8;43.576;-80.267;"guelph"
N1E3K9;43.574;-80.269;"guelph"
N1E3L1;43.575;-80.27;"guelph"
N1E3L2;43.577;-80.267;"guelph"
N1E3L3;43.576;-80.26;"guelph"
N1E3L4;43.577;-80.261;"guelph"
N1E3L5;43.574;-80.261;"guelph"
N1E3L6;43.574;-80.261;"guelph"
N1E3L7;43.569;-80.259;"guelph"
N1E3L8;43.575;-80.261;"guelph"
N1E3L9;43.576;-80.262;"guelph"
N1E3M1;43.576;-80.263;"guelph"
N1E3M2;43.578;-80.256;"guelph"
N1E3M3;43.577;-80.254;"guelph"
N1E3M4;43.577;-80.255;"guelph"
N1E3M5;43.578;-80.257;"guelph"
N1E3M6;43.578;-80.257;"guelph"
N1E3M7;43.58;-80.253;"guelph"
N1E3M8;43.58;-80.253;"guelph"
N1E3M9;43.573;-80.26;"guelph"
N1E3N1;43.573;-80.26;"guelph"
N1E3N2;43.573;-80.261;"guelph"
N1E3N3;43.575;-80.262;"guelph"
N1E3N4;43.575;-80.263;"guelph"
N1E3N5;43.573;-80.256;"guelph"
N1E3N6;43.574;-80.259;"guelph"
N1E3N7;43.574;-80.258;"guelph"
N1E3N8;43.575;-80.261;"guelph"
N1E3N9;43.574;-80.261;"guelph"
N1E3P1;43.575;-80.252;"guelph"
N1E3P2;43.576;-80.255;"guelph"
N1E3P3;43.566;-80.264;"guelph"
N1E3P4;43.566;-80.264;"guelph"
N1E3P5;43.568;-80.264;"guelph"
N1E3P6;43.569;-80.263;"guelph"
N1E3P7;43.568;-80.264;"guelph"
N1E3P8;43.569;-80.26;"guelph"
N1E3P9;43.569;-80.26;"guelph"
N1E3R1;43.567;-80.264;"guelph"
N1E3R2;43.567;-80.264;"guelph"
N1E3R3;43.577;-80.25;"guelph"
N1E3R4;43.577;-80.25;"guelph"
N1E3R5;43.577;-80.251;"guelph"
N1E3R6;43.561;-80.266;"guelph"
N1E3R7;43.562;-80.267;"guelph"
N1E3R8;43.565;-80.268;"guelph"
N1E3R9;43.565;-80.268;"guelph"
N1E3S1;43.561;-80.266;"guelph"
N1E3S2;43.564;-80.263;"guelph"
N1E3S3;43.563;-80.262;"guelph"
N1E3S4;43.564;-80.264;"guelph"
N1E3S5;43.566;-80.266;"guelph"
N1E3S6;43.565;-80.266;"guelph"
N1E3S7;43.566;-80.266;"guelph"
N1E3S8;43.566;-80.26;"guelph"
N1E3S9;43.566;-80.26;"guelph"
N1E3T1;43.566;-80.261;"guelph"
N1E3T2;43.568;-80.261;"guelph"
N1E3T3;43.57;-80.258;"guelph"
N1E3T4;43.569;-80.257;"guelph"
N1E3T5;43.57;-80.256;"guelph"
N1E3T6;43.571;-80.259;"guelph"
N1E3T7;43.572;-80.257;"guelph"
N1E3T8;43.572;-80.254;"guelph"
N1E3T9;43.572;-80.253;"guelph"
N1E3V1;43.573;-80.251;"guelph"
N1E3V2;43.573;-80.25;"guelph"
N1E3V3;43.574;-80.249;"guelph"
N1E3V4;43.574;-80.249;"guelph"
N1E3V5;43.575;-80.251;"guelph"
N1E3V6;43.575;-80.251;"guelph"
N1E3V7;43.575;-80.251;"guelph"
N1E3V8;43.576;-80.253;"guelph"
N1E3V9;43.576;-80.254;"guelph"
N1E3W1;43.565;-80.259;"guelph"
N1E3W2;43.565;-80.259;"guelph"
N1E3W3;43.567;-80.254;"guelph"
N1E3W4;43.567;-80.255;"guelph"
N1E3W5;43.569;-80.257;"guelph"
N1E3W6;43.569;-80.258;"guelph"
N1E3W7;43.57;-80.259;"guelph"
N1E3W8;43.571;-80.26;"guelph"
N1E3W9;43.571;-80.248;"guelph"
N1E3X1;43.571;-80.248;"guelph"
N1E3X2;43.56;-80.263;"guelph"
N1E3X3;43.559;-80.261;"guelph"
N1E3X4;43.56;-80.263;"guelph"
N1E3X5;43.56;-80.263;"guelph"
N1E3X6;43.561;-80.265;"guelph"
N1E3X7;43.561;-80.265;"guelph"
N1E3X8;43.562;-80.266;"guelph"
N1E3X9;43.562;-80.266;"guelph"
N1E3Y1;43.564;-80.266;"guelph"
N1E3Y2;43.564;-80.266;"guelph"
N1E3Y3;43.563;-80.255;"guelph"
N1E3Y4;43.564;-80.256;"guelph"
N1E3Y5;43.565;-80.254;"guelph"
N1E3Y6;43.565;-80.254;"guelph"
N1E3Y7;43.571;-80.246;"guelph"
N1E3Y8;43.571;-80.246;"guelph"
N1E3Y9;43.572;-80.246;"guelph"
N1E3Z1;43.572;-80.246;"guelph"
N1E3Z2;43.56;-80.258;"guelph"
N1E3Z3;43.56;-80.258;"guelph"
N1E3Z4;43.558;-80.255;"guelph"
N1E3Z5;43.559;-80.254;"guelph"
N1E3Z6;43.56;-80.253;"guelph"
N1E3Z7;43.56;-80.253;"guelph"
N1E3Z8;43.561;-80.252;"guelph"
N1E3Z9;43.561;-80.253;"guelph"
N1E4A1;43.561;-80.253;"guelph"
N1E4A2;43.564;-80.251;"guelph"
N1E4A3;43.564;-80.25;"guelph"
N1E4A4;43.565;-80.252;"guelph"
N1E4A5;43.566;-80.253;"guelph"
N1E4A6;43.566;-80.253;"guelph"
N1E4A7;43.567;-80.253;"guelph"
N1E4A8;43.568;-80.254;"guelph"
N1E4A9;43.568;-80.254;"guelph"
N1E4B1;43.57;-80.256;"guelph"
N1E4B2;43.57;-80.256;"guelph"
N1E4B3;43.565;-80.25;"guelph"
N1E4B4;43.565;-80.252;"guelph"
N1E4B5;43.567;-80.252;"guelph"
N1E4B6;43.558;-80.249;"guelph"
N1E4B7;43.559;-80.25;"guelph"
N1E4B8;43.56;-80.25;"guelph"
N1E4B9;43.566;-80.246;"guelph"
N1E4C1;43.567;-80.246;"guelph"
N1E4C2;43.566;-80.242;"guelph"
N1E4C3;43.566;-80.242;"guelph"
N1E4C4;43.566;-80.242;"guelph"
N1E4C5;43.569;-80.245;"guelph"
N1E4C6;43.569;-80.245;"guelph"
N1E4C7;43.57;-80.246;"guelph"
N1E4C8;43.57;-80.246;"guelph"
N1E4C9;43.571;-80.245;"guelph"
N1E4E1;43.567;-80.242;"guelph"
N1E4E2;43.566;-80.242;"guelph"
N1E4E3;43.569;-80.243;"guelph"
N1E4E4;43.57;-80.244;"guelph"
N1E4E5;43.569;-80.244;"guelph"
N1E4E6;43.567;-80.242;"guelph"
N1E4E7;43.569;-80.244;"guelph"
N1E4E8;43.57;-80.246;"guelph"
N1E4E9;43.568;-80.239;"guelph"
N1E4G1;43.568;-80.24;"guelph"
N1E4G2;43.568;-80.24;"guelph"
N1E4G3;43.569;-80.239;"guelph"
N1E4G4;43.569;-80.24;"guelph"
N1E4G5;43.554;-80.252;"guelph"
N1E4G6;43.554;-80.252;"guelph"
N1E4G7;43.556;-80.251;"guelph"
N1E4G8;43.556;-80.251;"guelph"
N1E4G9;43.562;-80.248;"guelph"
N1E4H1;43.562;-80.246;"guelph"
N1E4H2;43.562;-80.246;"guelph"
N1E4H3;43.564;-80.244;"guelph"
N1E4H4;43.563;-80.243;"guelph"
N1E4H5;43.565;-80.247;"guelph"
N1E4H6;43.565;-80.247;"guelph"
N1E4H7;43.565;-80.249;"guelph"
N1E4H8;43.567;-80.25;"guelph"
N1E4H9;43.567;-80.251;"guelph"
N1E4J1;43.55;-80.25;"guelph"
N1E4J2;43.55;-80.25;"guelph"
N1E4J3;43.554;-80.251;"guelph"
N1E4J4;43.556;-80.254;"guelph"
N1E4J5;43.556;-80.254;"guelph"
N1E4J6;43.553;-80.251;"guelph"
N1E4J7;43.554;-80.251;"guelph"
N1E4J8;43.556;-80.254;"guelph"
N1E4J9;43.56;-80.26;"guelph"
N1E4K1;43.56;-80.26;"guelph"
N1E4K2;43.561;-80.261;"guelph"
N1E4K3;43.561;-80.261;"guelph"
N1E4K4;43.561;-80.261;"guelph"
N1E4K5;43.562;-80.262;"guelph"
N1E4K6;43.563;-80.263;"guelph"
N1E4K7;43.563;-80.263;"guelph"
N1E4K8;43.563;-80.264;"guelph"
N1E4K9;43.564;-80.265;"guelph"
N1E4L1;43.564;-80.266;"guelph"
N1E4L2;43.564;-80.266;"guelph"
N1E4L3;43.553;-80.249;"guelph"
N1E4L4;43.553;-80.25;"guelph"
N1E4L5;43.555;-80.248;"guelph"
N1E4L6;43.555;-80.248;"guelph"
N1E4L7;43.558;-80.246;"guelph"
N1E4L8;43.558;-80.246;"guelph"
N1E4L9;43.558;-80.246;"guelph"
N1E4M1;43.561;-80.242;"guelph"
N1E4M2;43.562;-80.243;"guelph"
N1E4M3;43.553;-80.246;"guelph"
N1E4M4;43.553;-80.245;"guelph"
N1E4M5;43.555;-80.244;"guelph"
N1E4M6;43.555;-80.244;"guelph"
N1E4M7;43.555;-80.245;"guelph"
N1E4M8;43.556;-80.246;"guelph"
N1E4M9;43.555;-80.242;"guelph"
N1E4N1;43.555;-80.242;"guelph"
N1E4N2;43.557;-80.242;"guelph"
N1E4N3;43.558;-80.245;"guelph"
N1E4N4;43.558;-80.245;"guelph"
N1E4N5;43.558;-80.245;"guelph"
N1E4N6;43.559;-80.245;"guelph"
N1E4N7;43.556;-80.241;"guelph"
N1E4N8;43.556;-80.24;"guelph"
N1E4N9;43.559;-80.238;"guelph"
N1E4P1;43.559;-80.238;"guelph"
N1E4P2;43.56;-80.237;"guelph"
N1E4P3;43.56;-80.237;"guelph"
N1E4P4;43.553;-80.251;"guelph"
N1E4P5;43.55;-80.248;"guelph"
N1E4P6;43.55;-80.248;"guelph"
N1E4P7;43.551;-80.25;"guelph"
N1E4P8;43.551;-80.25;"guelph"
N1E4P9;43.552;-80.252;"guelph"
N1E4R1;43.552;-80.252;"guelph"
N1E4R2;43.553;-80.253;"guelph"
N1E4R3;43.553;-80.253;"guelph"
N1E4R4;43.549;-80.245;"guelph"
N1E4R5;43.549;-80.246;"guelph"
N1E4R6;43.549;-80.246;"guelph"
N1E4R7;43.55;-80.246;"guelph"
N1E4R8;43.551;-80.248;"guelph"
N1E4R9;43.551;-80.248;"guelph"
N1E4S1;43.552;-80.25;"guelph"
N1E4S2;43.553;-80.251;"guelph"
N1E4S3;43.551;-80.244;"guelph"
N1E4S4;43.551;-80.244;"guelph"
N1E4S5;43.553;-80.247;"guelph"
N1E4S6;43.553;-80.247;"guelph"
N1E4S7;43.554;-80.249;"guelph"
N1E4S8;43.554;-80.248;"guelph"
N1E4S9;43.553;-80.241;"guelph"
N1E4T1;43.553;-80.242;"guelph"
N1E4T2;43.554;-80.241;"guelph"
N1E4T3;43.553;-80.241;"guelph"
N1E4T4;43.554;-80.24;"guelph"
N1E4T5;43.554;-80.239;"guelph"
N1E4T6;43.548;-80.243;"guelph"
N1E4T7;43.548;-80.243;"guelph"
N1E4T8;43.547;-80.242;"guelph"
N1E4T9;43.549;-80.246;"guelph"
N1E4V1;43.549;-80.247;"guelph"
N1E4V2;43.546;-80.241;"guelph"
N1E4V3;43.549;-80.248;"guelph"
N1E4V4;43.549;-80.249;"guelph"
N1E4V5;43.548;-80.247;"guelph"
N1E4V6;43.551;-80.251;"guelph"
N1E4V7;43.552;-80.252;"guelph"
N1E4V8;43.552;-80.254;"guelph"
N1E4V9;43.552;-80.253;"guelph"
N1E4W1;43.552;-80.254;"guelph"
N1E4W2;43.553;-80.254;"guelph"
N1E4W3;43.549;-80.243;"guelph"
N1E4W4;43.549;-80.243;"guelph"
N1E4W5;43.549;-80.243;"guelph"
N1E4W6;43.55;-80.242;"guelph"
N1E4W7;43.55;-80.242;"guelph"
N1E4W8;43.55;-80.242;"guelph"
N1E4W9;43.55;-80.242;"guelph"
N1E4X1;43.551;-80.24;"guelph"
N1E4X2;43.551;-80.241;"guelph"
N1E4X3;43.552;-80.242;"guelph"
N1E4X4;43.552;-80.243;"guelph"
N1E4X5;43.553;-80.243;"guelph"
N1E4X6;43.554;-80.245;"guelph"
N1E4X7;43.553;-80.244;"guelph"
N1E4X8;43.554;-80.246;"guelph"
N1E4X9;43.555;-80.247;"guelph"
N1E4Y1;43.556;-80.248;"guelph"
N1E4Y2;43.556;-80.248;"guelph"
N1E4Y3;43.559;-80.252;"guelph"
N1E4Y4;43.558;-80.251;"guelph"
N1E4Y5;43.561;-80.255;"guelph"
N1E4Y6;43.56;-80.253;"guelph"
N1E4Y7;43.561;-80.255;"guelph"
N1E4Y8;43.563;-80.257;"guelph"
N1E4Y9;43.562;-80.257;"guelph"
N1E4Z1;43.564;-80.259;"guelph"
N1E4Z2;43.564;-80.259;"guelph"
N1E4Z3;43.565;-80.26;"guelph"
N1E4Z4;43.565;-80.26;"guelph"
N1E4Z5;43.567;-80.262;"guelph"
N1E4Z6;43.565;-80.261;"guelph"
N1E4Z7;43.567;-80.263;"guelph"
N1E4Z8;43.568;-80.264;"guelph"
N1E4Z9;43.568;-80.265;"guelph"
N1E5A0;43.558;-80.235;"guelph"
N1E5A1;43.552;-80.24;"guelph"
N1E5A2;43.552;-80.24;"guelph"
N1E5A3;43.554;-80.235;"guelph"
N1E5A4;43.554;-80.236;"guelph"
N1E5A5;43.555;-80.237;"guelph"
N1E5A6;43.556;-80.239;"guelph"
N1E5A7;43.555;-80.238;"guelph"
N1E5A8;43.557;-80.239;"guelph"
N1E5A9;43.559;-80.243;"guelph"
N1E5B1;43.558;-80.242;"guelph"
N1E5B2;43.558;-80.242;"guelph"
N1E5B3;43.626;-79.894;"guelph"
N1E5B4;43.56;-80.245;"guelph"
N1E5B5;43.56;-80.25;"guelph"
N1E5B6;43.561;-80.25;"guelph"
N1E5B7;43.56;-80.25;"guelph"
N1E5B8;43.562;-80.252;"guelph"
N1E5B9;43.563;-80.253;"guelph"
N1E5C1;43.565;-80.256;"guelph"
N1E5C2;43.564;-80.255;"guelph"
N1E5C3;43.565;-80.257;"guelph"
N1E5C4;43.567;-80.259;"guelph"
N1E5C5;43.568;-80.26;"guelph"
N1E5C6;43.568;-80.26;"guelph"
N1E5C7;43.569;-80.261;"guelph"
N1E5C8;43.57;-80.262;"guelph"
N1E5C9;43.555;-80.234;"guelph"
N1E5E1;43.555;-80.235;"guelph"
N1E5E2;43.556;-80.236;"guelph"
N1E5E3;43.556;-80.236;"guelph"
N1E5E4;43.557;-80.237;"guelph"
N1E5E5;43.557;-80.237;"guelph"
N1E5E6;43.558;-80.239;"guelph"
N1E5E7;43.558;-80.238;"guelph"
N1E5E8;43.558;-80.239;"guelph"
N1E5E9;43.56;-80.241;"guelph"
N1E5G1;43.559;-80.24;"guelph"
N1E5G2;43.559;-80.241;"guelph"
N1E5G3;43.56;-80.242;"guelph"
N1E5G4;43.557;-80.233;"guelph"
N1E5G5;43.556;-80.233;"guelph"
N1E5G6;43.558;-80.232;"guelph"
N1E5G7;43.558;-80.232;"guelph"
N1E5G8;43.558;-80.233;"guelph"
N1E5G9;43.561;-80.236;"guelph"
N1E5H1;43.559;-80.235;"guelph"
N1E5H2;43.561;-80.236;"guelph"
N1E5H3;43.562;-80.238;"guelph"
N1E5H4;43.562;-80.238;"guelph"
N1E5H5;43.564;-80.241;"guelph"
N1E5H6;43.557;-80.23;"guelph"
N1E5H7;43.566;-80.243;"guelph"
N1E5H8;43.553;-80.225;"guelph"
N1E5H9;43.56;-80.236;"guelph"
N1E5J1;43.552;-80.224;"guelph"
N1E5J2;43.569;-80.248;"guelph"
N1E5J3;43.57;-80.249;"guelph"
N1E5J4;43.573;-80.253;"guelph"
N1E5J5;43.567;-80.245;"guelph"
N1E5J6;43.574;-80.255;"guelph"
N1E5J7;43.575;-80.255;"guelph"
N1E5J8;43.576;-80.258;"guelph"
N1E5J9;43.574;-80.255;"guelph"
N1E5K1;43.578;-80.26;"guelph"
N1E5K2;43.546;-80.241;"guelph"
N1E5K3;43.548;-80.242;"guelph"
N1E5K4;43.547;-80.242;"guelph"
N1E5K5;43.548;-80.246;"guelph"
N1E5K6;43.545;-80.238;"guelph"
N1E5K7;43.548;-80.242;"guelph"
N1E5K8;43.546;-80.239;"guelph"
N1E5K9;43.548;-80.242;"guelph"
N1E5L1;43.546;-80.239;"guelph"
N1E5L2;43.546;-80.239;"guelph"
N1E5L3;43.549;-80.238;"guelph"
N1E5L4;43.549;-80.238;"guelph"
N1E5L5;43.548;-80.237;"guelph"
N1E5L6;43.548;-80.237;"guelph"
N1E5L7;43.548;-80.236;"guelph"
N1E5L8;43.547;-80.235;"guelph"
N1E5L9;43.547;-80.235;"guelph"
N1E5M1;43.551;-80.237;"guelph"
N1E5M2;43.551;-80.237;"guelph"
N1E5M3;43.55;-80.235;"guelph"
N1E5M4;43.55;-80.235;"guelph"
N1E5M5;43.549;-80.234;"guelph"
N1E5M6;43.549;-80.233;"guelph"
N1E5M7;43.548;-80.232;"guelph"
N1E5M8;43.552;-80.236;"guelph"
N1E5M9;43.552;-80.236;"guelph"
N1E5N1;43.554;-80.237;"guelph"
N1E5N2;43.555;-80.237;"guelph"
N1E5N3;43.555;-80.237;"guelph"
N1E5N4;43.554;-80.236;"guelph"
N1E5N5;43.557;-80.24;"guelph"
N1E5N6;43.55;-80.231;"guelph"
N1E5N7;43.558;-80.242;"guelph"
N1E5N8;43.558;-80.242;"guelph"
N1E5N9;43.554;-80.234;"guelph"
N1E5P1;43.554;-80.234;"guelph"
N1E5P2;43.554;-80.233;"guelph"
N1E5P3;43.554;-80.233;"guelph"
N1E5P4;43.556;-80.23;"guelph"
N1E5P6;43.561;-80.237;"guelph"
N1E5P7;43.561;-80.237;"guelph"
N1E5P8;43.563;-80.24;"guelph"
N1E5P9;43.562;-80.238;"guelph"
N1E5R1;43.551;-80.223;"guelph"
N1E5R2;43.549;-80.236;"guelph"
N1E5R3;43.542;-80.242;"guelph"
N1E5R4;43.544;-80.245;"guelph"
N1E5R5;43.543;-80.241;"guelph"
N1E5R6;43.543;-80.241;"guelph"
N1E5R7;43.543;-80.24;"guelph"
N1E5R8;43.545;-80.242;"guelph"
N1E5R9;43.544;-80.241;"guelph"
N1E5S1;43.544;-80.241;"guelph"
N1E5S2;43.544;-80.24;"guelph"
N1E5S3;43.544;-80.239;"guelph"
N1E5S4;43.544;-80.238;"guelph"
N1E5S5;43.544;-80.238;"guelph"
N1E5S6;43.55;-80.234;"guelph"
N1E5S7;43.55;-80.234;"guelph"
N1E5S8;43.55;-80.233;"guelph"
N1E5S9;43.549;-80.232;"guelph"
N1E5T1;43.549;-80.232;"guelph"
N1E5T2;43.549;-80.231;"guelph"
N1E5T3;43.551;-80.233;"guelph"
N1E5T4;43.551;-80.233;"guelph"
N1E5T5;43.55;-80.232;"guelph"
N1E5T6;43.549;-80.231;"guelph"
N1E5T7;43.549;-80.231;"guelph"
N1E5T8;43.549;-80.231;"guelph"
N1E5T9;43.544;-80.236;"guelph"
N1E5V1;43.544;-80.237;"guelph"
N1E5V2;43.546;-80.236;"guelph"
N1E5V3;43.546;-80.235;"guelph"
N1E5V4;43.55;-80.228;"guelph"
N1E5V5;43.551;-80.229;"guelph"
N1E5V6;43.551;-80.228;"guelph"
N1E5V7;43.549;-80.226;"guelph"
N1E5V8;43.549;-80.226;"guelph"
N1E5V9;43.551;-80.228;"guelph"
N1E5W1;43.549;-80.225;"guelph"
N1E5W2;43.549;-80.225;"guelph"
N1E5W3;43.543;-80.236;"guelph"
N1E5W4;43.543;-80.236;"guelph"
N1E5W5;43.544;-80.235;"guelph"
N1E5W6;43.544;-80.235;"guelph"
N1E5W7;43.547;-80.23;"guelph"
N1E5W8;43.548;-80.229;"guelph"
N1E5W9;43.546;-80.227;"guelph"
N1E5X1;43.547;-80.227;"guelph"
N1E5X2;43.548;-80.228;"guelph"
N1E5X3;43.548;-80.228;"guelph"
N1E5X4;43.548;-80.227;"guelph"
N1E5X5;43.549;-80.228;"guelph"
N1E5X6;43.548;-80.226;"guelph"
N1E5X7;43.547;-80.226;"guelph"
N1E5X8;43.549;-80.224;"guelph"
N1E5X9;43.549;-80.224;"guelph"
N1E5Y1;43.55;-80.225;"guelph"
N1E5Y2;43.55;-80.224;"guelph"
N1E5Y3;43.551;-80.224;"guelph"
N1E5Y4;43.551;-80.225;"guelph"
N1E5Y5;43.549;-80.228;"guelph"
N1E5Y6;43.579;-80.243;"guelph"
N1E5Y7;43.579;-80.242;"guelph"
N1E5Y8;43.581;-80.245;"guelph"
N1E5Y9;43.581;-80.246;"guelph"
N1E5Z1;43.578;-80.246;"guelph"
N1E5Z3;43.578;-80.247;"guelph"
N1E5Z4;43.551;-80.25;"guelph"
N1E5Z5;43.58;-80.244;"guelph"
N1E5Z6;43.582;-80.245;"guelph"
N1E5Z7;44.109;-80.069;"guelph"
N1E5Z8;43.578;-80.243;"guelph"
N1E6A1;43.586;-80.231;"guelph"
N1E6A2;43.554;-80.221;"guelph"
N1E6A3;43.555;-80.22;"guelph"
N1E6A4;43.555;-80.22;"guelph"
N1E6A5;43.556;-80.218;"guelph"
N1E6A6;43.557;-80.217;"guelph"
N1E6A7;43.555;-80.22;"guelph"
N1E6A8;43.557;-80.219;"guelph"
N1E6A9;43.558;-80.217;"guelph"
N1E6B1;43.557;-80.218;"guelph"
N1E6B2;43.558;-80.216;"guelph"
N1E6B3;43.559;-80.217;"guelph"
N1E6B4;43.556;-80.223;"guelph"
N1E6B5;43.558;-80.22;"guelph"
N1E6B6;43.554;-80.222;"guelph"
N1E6B7;43.554;-80.222;"guelph"
N1E6B8;43.555;-80.222;"guelph"
N1E6B9;43.554;-80.221;"guelph"
N1E6C1;43.556;-80.223;"guelph"
N1E6C2;43.556;-80.221;"guelph"
N1E6C3;43.556;-80.22;"guelph"
N1E6C4;43.557;-80.219;"guelph"
N1E6C5;43.558;-80.219;"guelph"
N1E6C6;43.558;-80.217;"guelph"
N1E6C7;43.56;-80.218;"guelph"
N1E6C8;43.568;-80.266;"guelph"
N1E6C9;43.577;-80.249;"guelph"
N1E6E1;43.579;-80.252;"guelph"
N1E6E2;43.577;-80.248;"guelph"
N1E6E3;43.581;-80.254;"guelph"
N1E6E4;43.577;-80.264;"guelph"
N1E6E5;43.578;-80.264;"guelph"
N1E6E6;43.568;-80.251;"guelph"
N1E6E7;43.565;-80.237;"guelph"
N1E6E8;43.564;-80.235;"guelph"
N1E6E9;43.564;-80.235;"guelph"
N1E6G1;43.566;-80.236;"guelph"
N1E6G2;43.567;-80.238;"guelph"
N1E6G3;43.58;-80.253;"guelph"
N1E6G4;43.58;-80.253;"guelph"
N1E6G5;43.577;-80.249;"guelph"
N1E6G6;43.577;-80.249;"guelph"
N1E6G7;43.576;-80.248;"guelph"
N1E6G8;43.575;-80.248;"guelph"
N1E6G9;43.564;-80.237;"guelph"
N1E6H1;43.564;-80.237;"guelph"
N1E6H2;43.564;-80.237;"guelph"
N1E6H3;43.563;-80.235;"guelph"
N1E6H5;43.564;-80.235;"guelph"
N1E6H6;43.564;-80.235;"guelph"
N1E6H7;43.564;-80.237;"guelph"
N1E6H8;43.564;-80.237;"guelph"
N1E6H9;43.566;-80.238;"guelph"
N1E6J1;43.566;-80.238;"guelph"
N1E6J2;43.561;-80.27;"guelph"
N1E6J3;43.566;-80.236;"guelph"
N1E6J4;43.566;-80.236;"guelph"
N1E6J5;43.561;-80.236;"guelph"
N1E6J6;43.563;-80.235;"guelph"
N1E6J7;43.566;-80.241;"guelph"
N1E6J8;43.564;-80.241;"guelph"
N1E6J9;43.578;-80.25;"guelph"
N1E6K1;43.572;-80.252;"guelph"
N1E6K2;43.589;-80.275;"guelph"
N1E6K3;43.577;-80.263;"guelph"
N1E6K4;43.579;-80.262;"guelph"
N1E6K5;43.567;-80.239;"guelph"
N1E6K6;43.574;-80.265;"guelph"
N1E6K7;43.578;-80.262;"guelph"
N1E6K8;43.573;-80.269;"guelph"
N1E6K9;43.56;-80.259;"guelph"
N1E6L1;43.577;-80.248;"guelph"
N1E6L2;43.573;-80.266;"guelph"
N1E6L3;43.58;-80.26;"guelph"
N1E6L4;43.558;-80.232;"guelph"
N1E6L5;43.554;-80.239;"guelph"
N1E6L6;43.57;-80.252;"guelph"
N1E6L7;43.57;-80.25;"guelph"
N1E6L8;43.56;-80.235;"guelph"
N1E6L9;43.555;-80.252;"guelph"
N1E6M1;43.577;-80.259;"guelph"
N1E6M2;43.564;-80.24;"guelph"
N1E6M3;43.559;-80.268;"guelph"
N1E6M4;43.554;-80.251;"guelph"
N1E6M5;43.564;-80.239;"guelph"
N1E6M6;43.576;-80.247;"guelph"
N1E6M7;43.548;-80.232;"guelph"
N1E6M8;43.56;-80.231;"guelph"
N1E6M9;43.559;-80.232;"guelph"
N1E6N1;43.557;-80.216;"guelph"
N1E6N2;43.563;-80.235;"guelph"
N1E6N3;43.562;-80.233;"guelph"
N1E6N4;43.562;-80.23;"guelph"
N1E6N5;43.562;-80.228;"guelph"
N1E6N6;43.561;-80.23;"guelph"
N1E6N7;43.563;-80.233;"guelph"
N1E6N8;43.56;-80.227;"guelph"
N1E6N9;43.559;-80.229;"guelph"
N1E6P1;43.562;-80.23;"guelph"
N1E6P2;43.561;-80.231;"guelph"
N1E6P3;43.562;-80.231;"guelph"
N1E6P4;43.562;-80.233;"guelph"
N1E6P5;43.562;-80.23;"guelph"
N1E6P6;43.563;-80.231;"guelph"
N1E6P7;43.546;-80.23;"guelph"
N1E6P8;43.562;-80.231;"guelph"
N1E6P9;43.563;-80.232;"guelph"
N1E6R0;43.566;-80.254;"guelph"
N1E6R1;43.563;-80.233;"guelph"
N1E6R2;43.561;-80.249;"guelph"
N1E6R3;43.561;-80.229;"guelph"
N1E6R4;43.561;-80.228;"guelph"
N1E6R5;43.558;-80.232;"guelph"
N1E6R6;43.561;-80.228;"guelph"
N1E6R7;43.561;-80.229;"guelph"
N1E6R8;43.562;-80.252;"guelph"
N1E6R9;43.563;-80.252;"guelph"
N1E6S1;43.563;-80.251;"guelph"
N1E6S2;43.562;-80.252;"guelph"
N1E6S3;43.562;-80.229;"guelph"
N1E6S4;43.564;-80.229;"guelph"
N1E6S5;43.575;-80.247;"guelph"
N1E6S6;43.548;-80.232;"guelph"
N1E6S7;43.562;-80.233;"guelph"
N1E6S8;43.564;-80.227;"guelph"
N1E6S9;43.565;-80.229;"guelph"
N1E6T1;43.563;-80.228;"guelph"
N1E6T2;43.566;-80.23;"guelph"
N1E6T3;43.564;-80.229;"guelph"
N1E6T4;43.551;-80.244;"guelph"
N1E6T5;43.559;-80.252;"guelph"
N1E6T6;43.561;-80.228;"guelph"
N1E6T7;43.56;-80.227;"guelph"
N1E6T8;43.563;-80.239;"guelph"
N1E6T9;43.552;-80.224;"guelph"
N1E6V1;43.551;-80.225;"guelph"
N1E6V2;43.558;-80.217;"guelph"
N1E6V3;43.564;-80.24;"guelph"
N1E6V4;43.562;-80.238;"guelph"
N1E6V5;43.566;-80.23;"guelph"
N1E6V6;43.568;-80.232;"guelph"
N1E6V7;43.569;-80.235;"guelph"
N1E6V8;43.576;-80.274;"guelph"
N1E6V9;43.566;-80.254;"guelph"
N1E6W1;43.543;-80.289;"guelph"
N1E6W2;43.554;-80.204;"guelph"
N1E6W3;43.559;-80.252;"guelph"
N1E6W4;43.566;-80.232;"guelph"
N1E6W5;43.569;-80.236;"guelph"
N1E6W6;43.567;-80.233;"guelph"
N1E6W7;43.566;-80.235;"guelph"
N1E6W8;43.567;-80.234;"guelph"
N1E6W9;43.567;-80.236;"guelph"
N1E6X1;43.559;-80.261;"guelph"
N1E6X2;43.57;-80.235;"guelph"
N1E6X3;43.569;-80.236;"guelph"
N1E6X4;43.569;-80.215;"guelph"
N1E6X5;43.569;-80.216;"guelph"
N1E6X6;43.582;-80.229;"guelph"
N1E6X7;43.59;-80.241;"guelph"
N1E6X8;43.587;-80.236;"guelph"
N1E6X9;43.577;-80.222;"guelph"
N1E6Y1;43.562;-80.224;"guelph"
N1E6Y2;43.562;-80.224;"guelph"
N1E6Y3;43.56;-80.222;"guelph"
N1E6Y4;43.56;-80.222;"guelph"
N1E6Y5;43.563;-80.221;"guelph"
N1E6Y6;43.559;-80.217;"guelph"
N1E6Y7;43.562;-80.22;"guelph"
N1E6Y8;43.562;-80.211;"guelph"
N1E6Y9;43.564;-80.208;"guelph"
N1E6Z1;43.567;-80.204;"guelph"
N1E6Z2;43.535;-80.301;"guelph"
N1E6Z3;43.538;-80.205;"guelph"
N1E6Z4;43.58;-80.264;"guelph"
N1E6Z5;43.544;-80.242;"guelph"
N1E6Z6;43.567;-80.231;"guelph"
N1E6Z7;43.544;-80.242;"guelph"
N1E6Z8;43.566;-80.229;"guelph"
N1E6Z9;43.567;-80.227;"guelph"
N1E7A1;43.567;-80.228;"guelph"
N1E7A2;43.569;-80.23;"guelph"
N1E7A3;43.569;-80.232;"guelph"
N1E7A4;43.57;-80.233;"guelph"
N1E7A5;43.568;-80.228;"guelph"
N1E7A6;43.565;-80.226;"guelph"
N1E7A7;43.578;-80.265;"guelph"
N1E7A8;43.572;-80.267;"guelph"
N1E7A9;43.571;-80.267;"guelph"
N1E7B1;43.558;-80.228;"guelph"
N1E7B2;43.559;-80.225;"guelph"
N1E7B3;43.558;-80.227;"guelph"
N1E7B4;43.559;-80.226;"guelph"
N1E7B5;43.561;-80.226;"guelph"
N1E7B6;43.56;-80.223;"guelph"
N1E7B7;43.56;-80.224;"guelph"
N1E7B8;43.567;-80.225;"guelph"
N1E7B9;43.565;-80.223;"guelph"
N1E7C1;43.567;-80.223;"guelph"
N1E7C2;43.568;-80.223;"guelph"
N1E7C3;43.57;-80.224;"guelph"
N1E7C4;43.571;-80.223;"guelph"
N1E7C5;43.573;-80.222;"guelph"
N1E7C6;43.573;-80.222;"guelph"
N1E7C7;43.565;-80.214;"guelph"
N1E7C8;43.572;-80.221;"guelph"
N1E7C9;43.572;-80.219;"guelph"
N1E7E1;43.563;-80.249;"guelph"
N1E7E2;43.56;-80.224;"guelph"
N1E7E3;43.558;-80.236;"guelph"
N1E7E4;43.565;-80.223;"guelph"
N1E7E6;43.566;-80.221;"guelph"
N1E7E7;43.566;-80.219;"guelph"
N1E7E8;43.567;-80.22;"guelph"
N1E7E9;43.569;-80.22;"guelph"
N1E7G1;43.566;-80.218;"guelph"
N1E7G2;43.566;-80.219;"guelph"
N1E7G3;43.567;-80.218;"guelph"
N1E7G4;43.569;-80.221;"guelph"
N1E7G5;43.568;-80.219;"guelph"
N1E7G6;43.568;-80.218;"guelph"
N1E7G7;43.566;-80.217;"guelph"
N1E7G8;43.57;-80.243;"guelph"
N1E7G9;43.569;-80.269;"guelph"
N1E7H1;43.564;-80.222;"guelph"
N1E7H2;43.565;-80.221;"guelph"
N1E7H3;43.566;-80.225;"guelph"
N1E7H4;43.565;-80.226;"guelph"
N1E7H5;43.564;-80.225;"guelph"
N1E7H6;43.563;-80.224;"guelph"
N1E7H7;43.542;-80.242;"guelph"
N1E7H8;43.569;-80.269;"guelph"
N1E7H9;43.57;-80.27;"guelph"
N1E7J1;43.572;-80.219;"guelph"
N1E7J2;43.572;-80.218;"guelph"
N1E7J3;43.57;-80.217;"guelph"
N1E7J4;43.57;-80.218;"guelph"
N1E7J5;43.578;-80.224;"guelph"
N1E7J6;43.568;-80.219;"guelph"
N1E7J7;43.57;-80.215;"guelph"
N1E7J8;43.568;-80.215;"guelph"
N1E7J9;43.567;-80.214;"guelph"
N1E7K1;43.544;-80.239;"guelph"
N1E7K2;43.559;-80.222;"guelph"
N1E7K3;43.56;-80.221;"guelph"
N1E7K4;43.577;-80.221;"guelph"
N1E7K5;43.576;-80.22;"guelph"
N1E7K6;43.574;-80.218;"guelph"
N1E7K7;43.574;-80.217;"guelph"
N1E7K8;43.576;-80.216;"guelph"
N1E7K9;43.575;-80.216;"guelph"
N1E7L1;43.574;-80.216;"guelph"
N1E7L2;43.574;-80.216;"guelph"
N1E7L3;43.577;-80.22;"guelph"
N1E7L4;43.576;-80.27;"guelph"
N1E7L5;43.576;-80.27;"guelph"
N1E7L6;43.578;-80.268;"guelph"
N1E7L7;43.579;-80.267;"guelph"
N1E7L8;43.581;-80.266;"guelph"
N1E7L9;43.535;-80.246;"guelph"
N1E7M1;43.56;-80.234;"guelph"
N1E7M2;43.582;-80.263;"guelph"
N1E7M3;43.567;-80.244;"guelph"
N1E7M4;43.581;-80.262;"guelph"
N1E7M5;43.567;-80.222;"guelph"
N1E7M6;43.558;-80.227;"guelph"
N1E7S7;43.542;-80.242;"guelph"
N1E8B2;43.339;-80.213;"cambridge"
N1E9K9;43.569;-80.238;"guelph"
N1G0A1;43.532;-80.214;"guelph"
N1G0A2;43.532;-80.214;"guelph"
N1G0A3;43.532;-80.214;"guelph"
N1G0A4;43.53;-80.209;"guelph"
N1G0A5;43.523;-80.211;"guelph"
N1G0A6;43.522;-80.213;"guelph"
N1G0A7;43.531;-80.208;"guelph"
N1G0A8;43.499;-80.191;"guelph"
N1G0A9;43.526;-80.226;"guelph"
N1G0B1;43.509;-80.198;"guelph"
N1G0B2;43.51;-80.197;"guelph"
N1G0B3;43.51;-80.199;"guelph"
N1G0B4;43.515;-80.227;"guelph"
N1G0B5;43.515;-80.227;"guelph"
N1G0B6;43.512;-80.198;"guelph"
N1G0B7;43.515;-80.227;"guelph"
N1G0B8;43.511;-80.198;"guelph"
N1G0B9;43.515;-80.227;"guelph"
N1G0C1;43.493;-80.211;"guelph"
N1G0C2;43.512;-80.244;"guelph"
N1G0C3;43.517;-80.243;""
N1G0C4;43.516;-80.174;"guelph"
N1G0E3;43.532;-80.202;"guelph"
N1G0H1;43.515;-80.227;"guelph"
N1G1A0;43.515;-80.227;"guelph"
N1G1A1;43.532;-80.253;"guelph"
N1G1A2;43.532;-80.253;"guelph"
N1G1A3;43.533;-80.25;"guelph"
N1G1A4;43.533;-80.251;"guelph"
N1G1A5;43.537;-80.243;"guelph"
N1G1A6;43.537;-80.244;"guelph"
N1G1A7;43.536;-80.245;"guelph"
N1G1A8;43.536;-80.246;"guelph"
N1G1A9;43.536;-80.245;"guelph"
N1G1B1;43.535;-80.247;"guelph"
N1G1B2;43.534;-80.249;"guelph"
N1G1B3;43.535;-80.247;"guelph"
N1G1B4;43.533;-80.25;"guelph"
N1G1B5;43.532;-80.25;"guelph"
N1G1B6;43.531;-80.252;"guelph"
N1G1B7;43.531;-80.252;"guelph"
N1G1B8;43.529;-80.255;"guelph"
N1G1B9;43.533;-80.248;"guelph"
N1G1C1;43.533;-80.248;"guelph"
N1G1C2;43.532;-80.25;"guelph"
N1G1C3;43.532;-80.25;"guelph"
N1G1C4;43.53;-80.252;"guelph"
N1G1C5;43.531;-80.252;"guelph"
N1G1C6;43.538;-80.242;"guelph"
N1G1C7;43.537;-80.243;"guelph"
N1G1C8;43.537;-80.243;"guelph"
N1G1C9;43.538;-80.24;"guelph"
N1G1E1;43.533;-80.23;"guelph"
N1G1E2;43.538;-80.24;"guelph"
N1G1E3;43.538;-80.239;"guelph"
N1G1E4;43.536;-80.242;"guelph"
N1G1E5;43.536;-80.242;"guelph"
N1G1E6;43.536;-80.243;"guelph"
N1G1E7;43.535;-80.243;"guelph"
N1G1E8;43.531;-80.247;"guelph"
N1G1E9;43.532;-80.247;"guelph"
N1G1G1;43.531;-80.248;"guelph"
N1G1G2;43.536;-80.24;"guelph"
N1G1G3;43.537;-80.239;"guelph"
N1G1G4;43.536;-80.241;"guelph"
N1G1G5;43.536;-80.241;"guelph"
N1G1G6;43.529;-80.244;"guelph"
N1G1G7;43.538;-80.237;"guelph"
N1G1G8;43.529;-80.249;"guelph"
N1G1G9;43.525;-80.255;"guelph"
N1G1H1;43.529;-80.237;"guelph"
N1G1H2;43.532;-80.245;"guelph"
N1G1H3;43.535;-80.239;"guelph"
N1G1H4;43.535;-80.24;"guelph"
N1G1H5;43.535;-80.24;"guelph"
N1G1H6;43.533;-80.242;"guelph"
N1G1H7;43.533;-80.242;"guelph"
N1G1H8;43.533;-80.243;"guelph"
N1G1H9;43.531;-80.245;"guelph"
N1G1J1;43.533;-80.242;"guelph"
N1G1J2;43.533;-80.242;"guelph"
N1G1J3;43.532;-80.244;"guelph"
N1G1J4;43.529;-80.247;"guelph"
N1G1J5;43.529;-80.247;"guelph"
N1G1J6;43.534;-80.239;"guelph"
N1G1J7;43.534;-80.239;"guelph"
N1G1J8;43.535;-80.237;"guelph"
N1G1J9;43.528;-80.247;"guelph"
N1G1K1;43.528;-80.246;"guelph"
N1G1K2;43.536;-80.237;"guelph"
N1G1K3;43.534;-80.237;"guelph"
N1G1K4;43.534;-80.237;"guelph"
N1G1K5;43.534;-80.237;"guelph"
N1G1K6;43.533;-80.239;"guelph"
N1G1K7;43.533;-80.238;"guelph"
N1G1K8;43.533;-80.239;"guelph"
N1G1K9;43.532;-80.239;"guelph"
N1G1L1;43.509;-80.22;"guelph"
N1G1L2;43.532;-80.24;"guelph"
N1G1L3;43.53;-80.242;"guelph"
N1G1L4;43.531;-80.242;"guelph"
N1G1L5;43.53;-80.243;"guelph"
N1G1L6;43.535;-80.248;"guelph"
N1G1L7;43.529;-80.244;"guelph"
N1G1L8;43.527;-80.246;"guelph"
N1G1L9;43.527;-80.246;"guelph"
N1G1M1;43.529;-80.243;"guelph"
N1G1M2;43.529;-80.243;"guelph"
N1G1M3;43.53;-80.242;"guelph"
N1G1M4;43.53;-80.242;"guelph"
N1G1M5;43.524;-80.248;"guelph"
N1G1M6;43.524;-80.248;"guelph"
N1G1M7;43.534;-80.234;"guelph"
N1G1M8;43.534;-80.235;"guelph"
N1G1M9;43.534;-80.234;"guelph"
N1G1N1;43.535;-80.233;"guelph"
N1G1N2;43.534;-80.235;"guelph"
N1G1N3;43.533;-80.236;"guelph"
N1G1N4;43.532;-80.238;"guelph"
N1G1N5;43.532;-80.237;"guelph"
N1G1N6;43.532;-80.238;"guelph"
N1G1N7;43.53;-80.238;"guelph"
N1G1N8;43.531;-80.238;"guelph"
N1G1N9;43.531;-80.239;"guelph"
N1G1P1;43.53;-80.239;"guelph"
N1G1P2;43.528;-80.242;"guelph"
N1G1P3;43.528;-80.242;"guelph"
N1G1P4;43.532;-80.235;"guelph"
N1G1P5;43.532;-80.235;"guelph"
N1G1P6;43.532;-80.236;"guelph"
N1G1P7;43.531;-80.237;"guelph"
N1G1P8;43.526;-80.244;"guelph"
N1G1P9;43.525;-80.244;"guelph"
N1G1R1;43.527;-80.242;"guelph"
N1G1R2;43.527;-80.242;"guelph"
N1G1R3;43.531;-80.235;"guelph"
N1G1R4;43.531;-80.235;"guelph"
N1G1R5;43.531;-80.236;"guelph"
N1G1R6;43.531;-80.236;"guelph"
N1G1R7;43.531;-80.234;"guelph"
N1G1R8;43.531;-80.235;"guelph"
N1G1S1;43.529;-80.238;"guelph"
N1G1S2;43.528;-80.238;"guelph"
N1G1S3;43.526;-80.241;"guelph"
N1G1S4;43.525;-80.243;"guelph"
N1G1S5;43.525;-80.242;"guelph"
N1G1S6;43.524;-80.244;"guelph"
N1G1S7;43.523;-80.245;"guelph"
N1G1S8;43.525;-80.242;"guelph"
N1G1S9;43.522;-80.246;"guelph"
N1G1T2;43.52;-80.249;"guelph"
N1G1T3;43.52;-80.249;"guelph"
N1G1T4;43.518;-80.252;"guelph"
N1G1T5;43.515;-80.255;"guelph"
N1G1T6;43.513;-80.256;"guelph"
N1G1T7;43.511;-80.253;"guelph"
N1G1T8;43.511;-80.252;"guelph"
N1G1T9;43.511;-80.251;"guelph"
N1G1V1;43.51;-80.249;"guelph"
N1G1V2;43.517;-80.244;"guelph"
N1G1V3;43.521;-80.24;"guelph"
N1G1V4;43.522;-80.239;"guelph"
N1G1V5;43.516;-80.244;"guelph"
N1G1V6;43.516;-80.244;"guelph"
N1G1V7;43.515;-80.245;"guelph"
N1G1V8;43.514;-80.246;"guelph"
N1G1V9;43.513;-80.247;"guelph"
N1G1W0;43.537;-80.228;"guelph"
N1G1W1;43.513;-80.248;"guelph"
N1G1W2;43.512;-80.249;"guelph"
N1G1W3;43.511;-80.249;"guelph"
N1G1W4;43.511;-80.249;"guelph"
N1G1W5;43.524;-80.228;"guelph"
N1G1W6;43.513;-80.243;"guelph"
N1G1W8;43.537;-80.237;"guelph"
N1G1W9;43.535;-80.234;"guelph"
N1G1X0;43.526;-80.219;"guelph"
N1G1X1;43.539;-80.242;"guelph"
N1G1X2;43.536;-80.247;"guelph"
N1G1X3;43.537;-80.239;"guelph"
N1G1X4;43.537;-80.24;"guelph"
N1G1X5;43.536;-80.238;"guelph"
N1G1X6;43.535;-80.236;"guelph"
N1G1X7;43.535;-80.236;"guelph"
N1G1X8;43.533;-80.234;"guelph"
N1G1X9;43.534;-80.235;"guelph"
N1G1Y1;43.532;-80.233;"guelph"
N1G1Y2;43.531;-80.231;"guelph"
N1G1Y3;43.527;-80.226;"guelph"
N1G1Y4;43.524;-80.23;"guelph"
N1G1Y5;43.527;-80.225;"guelph"
N1G1Y6;43.526;-80.223;"guelph"
N1G1Y7;43.525;-80.219;"guelph"
N1G1Y8;43.525;-80.219;"guelph"
N1G1Y9;43.534;-80.237;"guelph"
N1G1Z1;43.534;-80.237;"guelph"
N1G1Z2;43.534;-80.238;"guelph"
N1G1Z3;43.533;-80.237;"guelph"
N1G1Z4;43.532;-80.236;"guelph"
N1G1Z5;43.532;-80.235;"guelph"
N1G1Z6;43.537;-80.243;"guelph"
N1G1Z7;43.537;-80.243;"guelph"
N1G1Z8;43.537;-80.242;"guelph"
N1G1Z9;43.536;-80.242;"guelph"
N1G2A1;43.536;-80.242;"guelph"
N1G2A2;43.536;-80.241;"guelph"
N1G2A3;43.535;-80.241;"guelph"
N1G2A4;43.533;-80.238;"guelph"
N1G2A5;43.533;-80.238;"guelph"
N1G2A6;43.537;-80.244;"guelph"
N1G2A7;43.537;-80.244;"guelph"
N1G2A8;43.536;-80.243;"guelph"
N1G2A9;43.535;-80.242;"guelph"
N1G2B1;43.536;-80.243;"guelph"
N1G2B2;43.534;-80.241;"guelph"
N1G2B3;43.534;-80.239;"guelph"
N1G2B4;43.533;-80.24;"guelph"
N1G2B5;43.532;-80.239;"guelph"
N1G2B6;43.532;-80.239;"guelph"
N1G2B7;43.535;-80.243;"guelph"
N1G2B8;43.538;-80.245;"guelph"
N1G2B9;43.537;-80.245;"guelph"
N1G2C1;43.537;-80.246;"guelph"
N1G2C2;43.535;-80.244;"guelph"
N1G2C3;43.535;-80.244;"guelph"
N1G2C4;43.533;-80.241;"guelph"
N1G2C5;43.532;-80.237;"guelph"
N1G2C6;43.532;-80.24;"guelph"
N1G2C7;43.532;-80.24;"guelph"
N1G2C8;43.53;-80.238;"guelph"
N1G2C9;43.531;-80.238;"guelph"
N1G2E1;43.536;-80.246;"guelph"
N1G2E2;43.535;-80.247;"guelph"
N1G2E3;43.535;-80.246;"guelph"
N1G2E4;43.535;-80.245;"guelph"
N1G2E5;43.534;-80.244;"guelph"
N1G2E6;43.533;-80.243;"guelph"
N1G2E7;43.531;-80.239;"guelph"
N1G2E8;43.531;-80.239;"guelph"
N1G2E9;43.532;-80.241;"guelph"
N1G2G1;43.532;-80.241;"guelph"
N1G2G2;43.533;-80.245;"guelph"
N1G2G3;43.534;-80.247;"guelph"
N1G2G4;43.534;-80.246;"guelph"
N1G2G5;43.533;-80.245;"guelph"
N1G2G6;43.532;-80.244;"guelph"
N1G2G7;43.532;-80.243;"guelph"
N1G2G8;43.532;-80.243;"guelph"
N1G2G9;43.53;-80.243;"guelph"
N1G2H1;43.529;-80.242;"guelph"
N1G2H2;43.529;-80.241;"guelph"
N1G2H3;43.528;-80.242;"guelph"
N1G2H4;43.529;-80.242;"guelph"
N1G2H5;43.528;-80.241;"guelph"
N1G2H6;43.531;-80.249;"guelph"
N1G2H7;43.532;-80.249;"guelph"
N1G2H8;43.545;-80.268;"guelph"
N1G2H9;43.537;-80.258;"guelph"
N1G2J0;43.529;-80.241;"guelph"
N1G2J1;43.532;-80.251;"guelph"
N1G2J2;43.532;-80.25;"guelph"
N1G2J3;43.532;-80.251;"guelph"
N1G2J4;43.532;-80.251;"guelph"
N1G2J5;43.531;-80.249;"guelph"
N1G2J6;43.53;-80.247;"guelph"
N1G2J7;43.53;-80.248;"guelph"
N1G2J8;43.529;-80.247;"guelph"
N1G2J9;43.529;-80.246;"guelph"
N1G2K1;43.528;-80.246;"guelph"
N1G2K2;43.528;-80.245;"guelph"
N1G2K3;43.549;-80.274;"guelph"
N1G2K4;43.544;-80.267;"guelph"
N1G2K5;43.538;-80.259;"guelph"
N1G2K6;43.526;-80.242;"guelph"
N1G2K7;43.524;-80.24;"guelph"
N1G2K8;43.522;-80.242;"guelph"
N1G2K9;43.524;-80.247;"guelph"
N1G2L1;43.522;-80.246;"guelph"
N1G2L2;43.524;-80.247;"guelph"
N1G2L3;43.525;-80.248;"guelph"
N1G2L4;43.518;-80.245;"guelph"
N1G2L5;43.517;-80.244;"guelph"
N1G2L6;43.518;-80.246;"guelph"
N1G2L7;43.532;-80.232;"guelph"
N1G2L8;43.528;-80.221;"guelph"
N1G2L9;43.528;-80.221;"guelph"
N1G2M1;43.526;-80.22;"guelph"
N1G2M2;43.527;-80.219;"guelph"
N1G2M3;43.529;-80.221;"guelph"
N1G2M4;43.528;-80.219;"guelph"
N1G2M5;43.528;-80.219;"guelph"
N1G2M6;43.527;-80.222;"guelph"
N1G2M7;43.526;-80.221;"guelph"
N1G2M8;43.523;-80.219;"guelph"
N1G2M9;43.522;-80.22;"guelph"
N1G2N1;43.522;-80.221;"guelph"
N1G2N2;43.522;-80.22;"guelph"
N1G2N3;43.521;-80.22;"guelph"
N1G2N4;43.523;-80.218;"guelph"
N1G2N5;43.522;-80.218;"guelph"
N1G2N6;43.522;-80.218;"guelph"
N1G2N7;43.521;-80.217;"guelph"
N1G2N8;43.521;-80.218;"guelph"
N1G2N9;43.521;-80.22;"guelph"
N1G2P1;43.515;-80.255;"guelph"
N1G2P2;43.515;-80.254;"guelph"
N1G2P3;43.515;-80.254;"guelph"
N1G2P4;43.516;-80.253;"guelph"
N1G2P5;43.517;-80.25;"guelph"
N1G2P6;43.517;-80.25;"guelph"
N1G2P7;43.516;-80.25;"guelph"
N1G2P8;43.514;-80.254;"guelph"
N1G2P9;43.514;-80.254;"guelph"
N1G2R1;43.516;-80.248;"guelph"
N1G2R2;43.515;-80.249;"guelph"
N1G2R3;43.515;-80.25;"guelph"
N1G2R4;43.514;-80.249;"guelph"
N1G2R5;43.513;-80.248;"guelph"
N1G2R6;43.512;-80.249;"guelph"
N1G2R7;43.512;-80.249;"guelph"
N1G2R8;43.512;-80.247;"guelph"
N1G2R9;43.511;-80.248;"guelph"
N1G2S1;43.511;-80.252;"guelph"
N1G2S2;43.511;-80.252;"guelph"
N1G2S3;43.519;-80.251;"guelph"
N1G2S4;43.517;-80.248;"guelph"
N1G2S5;43.516;-80.246;"guelph"
N1G2S6;43.514;-80.244;"guelph"
N1G2S7;43.523;-80.248;"guelph"
N1G2S8;43.516;-80.249;"guelph"
N1G2S9;43.516;-80.252;"guelph"
N1G2T1;43.516;-80.252;"guelph"
N1G2T2;43.516;-80.252;"guelph"
N1G2T3;43.514;-80.249;"guelph"
N1G2T4;43.514;-80.25;"guelph"
N1G2T5;43.514;-80.249;"guelph"
N1G2T6;43.513;-80.248;"guelph"
N1G2T7;43.515;-80.253;"guelph"
N1G2T8;43.515;-80.253;"guelph"
N1G2T9;43.512;-80.249;"guelph"
N1G2V1;43.512;-80.248;"guelph"
N1G2V2;43.514;-80.254;"guelph"
N1G2V3;43.514;-80.253;"guelph"
N1G2V4;43.515;-80.254;"guelph"
N1G2V5;43.511;-80.253;"guelph"
N1G2V6;43.51;-80.253;"guelph"
N1G2V7;43.52;-80.234;"guelph"
N1G2V8;43.524;-80.244;"guelph"
N1G2V9;43.526;-80.244;"guelph"
N1G2W0;43.529;-80.241;"guelph"
N1G2W1;43.532;-80.231;"guelph"
N1G2W2;43.527;-80.225;"guelph"
N1G2W3;43.537;-80.228;"guelph"
N1G2W4;43.511;-80.248;"guelph"
N1G2W5;43.522;-80.239;"guelph"
N1G2W6;43.52;-80.241;"guelph"
N1G2W7;43.523;-80.226;"guelph"
N1G2W8;43.521;-80.223;"guelph"
N1G2W9;43.521;-80.224;"guelph"
N1G2X0;43.537;-80.228;"guelph"
N1G2X1;43.52;-80.222;"guelph"
N1G2X2;43.524;-80.22;"guelph"
N1G2X3;43.523;-80.219;"guelph"
N1G2X4;43.521;-80.221;"guelph"
N1G2X5;43.532;-80.251;"guelph"
N1G2X6;43.52;-80.234;"guelph"
N1G2X7;43.524;-80.247;"guelph"
N1G2X8;43.523;-80.224;"guelph"
N1G2X9;43.522;-80.226;"guelph"
N1G2Y1;43.522;-80.224;"guelph"
N1G2Y2;43.516;-80.245;"guelph"
N1G2Y3;43.536;-80.239;"guelph"
N1G2Y4;43.521;-80.223;"guelph"
N1G2Y5;43.534;-80.25;"guelph"
N1G2Y6;43.52;-80.234;"guelph"
N1G2Y7;43.522;-80.224;"guelph"
N1G2Y8;43.522;-80.224;"guelph"
N1G2Y9;43.524;-80.222;"guelph"
N1G2Z1;43.523;-80.223;"guelph"
N1G2Z2;43.521;-80.227;"guelph"
N1G2Z3;43.52;-80.222;"guelph"
N1G2Z4;43.527;-80.225;"guelph"
N1G2Z5;43.523;-80.216;"guelph"
N1G2Z6;43.513;-80.255;"guelph"
N1G2Z7;43.524;-80.219;"guelph"
N1G2Z8;43.52;-80.24;"guelph"
N1G2Z9;43.522;-80.239;"guelph"
N1G3A0;43.526;-80.219;"guelph"
N1G3A1;43.521;-80.24;"guelph"
N1G3A2;43.524;-80.222;"guelph"
N1G3A3;43.519;-80.22;"guelph"
N1G3A4;43.521;-80.217;"guelph"
N1G3A5;43.512;-80.254;"guelph"
N1G3A6;43.511;-80.255;"guelph"
N1G3A7;43.519;-80.218;"guelph"
N1G3A8;43.519;-80.22;"guelph"
N1G3A9;43.52;-80.218;"guelph"
N1G3B1;43.518;-80.22;"guelph"
N1G3B2;43.518;-80.22;"guelph"
N1G3B3;43.518;-80.216;"guelph"
N1G3B4;43.519;-80.217;"guelph"
N1G3B5;43.519;-80.217;"guelph"
N1G3B6;43.518;-80.219;"guelph"
N1G3B7;43.525;-80.215;"guelph"
N1G3B8;43.524;-80.216;"guelph"
N1G3B9;43.528;-80.238;"guelph"
N1G3C1;43.521;-80.217;"guelph"
N1G3C2;43.519;-80.219;"guelph"
N1G3C3;43.517;-80.217;"guelph"
N1G3C4;43.519;-80.235;"guelph"
N1G3C5;43.526;-80.215;"guelph"
N1G3C6;43.525;-80.216;"guelph"
N1G3C7;43.524;-80.212;"guelph"
N1G3C8;43.525;-80.213;"guelph"
N1G3C9;43.517;-80.218;"guelph"
N1G3E1;43.517;-80.238;"guelph"
N1G3E2;43.52;-80.216;"guelph"
N1G3E3;43.52;-80.216;"guelph"
N1G3E4;43.52;-80.218;"guelph"
N1G3E5;43.517;-80.238;"guelph"
N1G3E6;43.525;-80.215;"guelph"
N1G3E7;43.516;-80.24;"guelph"
N1G3E8;43.524;-80.216;"guelph"
N1G3E9;43.509;-80.233;"guelph"
N1G3G1;43.509;-80.233;"guelph"
N1G3G2;43.507;-80.23;"guelph"
N1G3G3;43.507;-80.229;"guelph"
N1G3G4;43.506;-80.229;"guelph"
N1G3G5;43.506;-80.229;"guelph"
N1G3G6;43.505;-80.231;"guelph"
N1G3G7;43.508;-80.235;"guelph"
N1G3G8;43.507;-80.23;"guelph"
N1G3G9;43.52;-80.248;"guelph"
N1G3H1;43.518;-80.218;"guelph"
N1G3H2;43.524;-80.217;"guelph"
N1G3H3;43.527;-80.213;"guelph"
N1G3H4;43.509;-80.235;"guelph"
N1G3H5;43.509;-80.235;"guelph"
N1G3H6;43.506;-80.23;"guelph"
N1G3H7;43.519;-80.219;"guelph"
N1G3H8;43.507;-80.233;"guelph"
N1G3H9;43.509;-80.233;"guelph"
N1G3J1;43.507;-80.23;"guelph"
N1G3J2;43.509;-80.236;"guelph"
N1G3J3;43.512;-80.235;"guelph"
N1G3J4;43.509;-80.233;"guelph"
N1G3J5;43.517;-80.217;"guelph"
N1G3J6;43.509;-80.23;"guelph"
N1G3J7;43.524;-80.24;"guelph"
N1G3J8;43.509;-80.233;"guelph"
N1G3J9;43.511;-80.235;"guelph"
N1G3K1;43.51;-80.237;"guelph"
N1G3K2;43.527;-80.212;"guelph"
N1G3K3;43.512;-80.235;"guelph"
N1G3K4;43.51;-80.237;"guelph"
N1G3K5;43.508;-80.23;"guelph"
N1G3K6;43.511;-80.233;"guelph"
N1G3K7;43.509;-80.233;"guelph"
N1G3K8;43.507;-80.233;"guelph"
N1G3K9;43.509;-80.232;"guelph"
N1G3L1;43.517;-80.217;"guelph"
N1G3L2;43.511;-80.232;"guelph"
N1G3L3;43.513;-80.233;"guelph"
N1G3L4;43.512;-80.233;"guelph"
N1G3L5;43.511;-80.236;"guelph"
N1G3L6;43.512;-80.231;"guelph"
N1G3L7;43.508;-80.23;"guelph"
N1G3L8;43.511;-80.231;"guelph"
N1G3L9;43.512;-80.233;"guelph"
N1G3M1;43.494;-80.209;"guelph"
N1G3M2;43.515;-80.239;"guelph"
N1G3M3;43.506;-80.229;"guelph"
N1G3M4;43.513;-80.235;"guelph"
N1G3M5;43.501;-80.216;"guelph"
N1G3M6;43.51;-80.226;"guelph"
N1G3M7;43.521;-80.228;"guelph"
N1G3M8;43.51;-80.227;"guelph"
N1G3M9;43.51;-80.245;"guelph"
N1G3N1;43.52;-80.215;"guelph"
N1G3N2;43.508;-80.244;"guelph"
N1G3N3;43.51;-80.228;"guelph"
N1G3N4;43.51;-80.228;"guelph"
N1G3N5;43.512;-80.234;"guelph"
N1G3N6;43.51;-80.247;"guelph"
N1G3N7;43.511;-80.23;"guelph"
N1G3N8;43.508;-80.227;"guelph"
N1G3N9;43.517;-80.217;"guelph"
N1G3P1;43.513;-80.235;"guelph"
N1G3P2;43.507;-80.227;"guelph"
N1G3P3;43.513;-80.236;"guelph"
N1G3P4;43.516;-80.239;"guelph"
N1G3P5;43.515;-80.232;"guelph"
N1G3P6;43.52;-80.216;"guelph"
N1G3P7;43.512;-80.233;"guelph"
N1G3P8;43.507;-80.244;"guelph"
N1G3P9;43.52;-80.228;"guelph"
N1G3R1;43.52;-80.229;"guelph"
N1G3R2;43.51;-80.228;"guelph"
N1G3R3;43.491;-80.208;"guelph"
N1G3R4;43.514;-80.233;"guelph"
N1G3R5;43.514;-80.22;"guelph"
N1G3R6;43.515;-80.232;"guelph"
N1G3R7;43.513;-80.235;"guelph"
N1G3R8;43.511;-80.229;"guelph"
N1G3R9;43.511;-80.23;"guelph"
N1G3S1;43.507;-80.242;"guelph"
N1G3S2;43.508;-80.224;"guelph"
N1G3S3;43.507;-80.239;"guelph"
N1G3S4;43.521;-80.228;"guelph"
N1G3S5;43.509;-80.226;"guelph"
N1G3S6;43.509;-80.226;"guelph"
N1G3S7;43.507;-80.242;"guelph"
N1G3S8;43.509;-80.243;"guelph"
N1G3S9;43.515;-80.222;"guelph"
N1G3T1;43.518;-80.23;"guelph"
N1G3T2;43.519;-80.23;"guelph"
N1G3T3;43.516;-80.221;"guelph"
N1G3T4;43.516;-80.223;"guelph"
N1G3T5;43.516;-80.22;"guelph"
N1G3T6;43.516;-80.221;"guelph"
N1G3T7;43.514;-80.221;"guelph"
N1G3T8;43.509;-80.241;"guelph"
N1G3T9;43.518;-80.231;"guelph"
N1G3V1;43.515;-80.231;"guelph"
N1G3V2;43.517;-80.231;"guelph"
N1G3V3;43.518;-80.232;"guelph"
N1G3V4;43.516;-80.223;"guelph"
N1G3V5;43.508;-80.241;"guelph"
N1G3V6;43.516;-80.228;"guelph"
N1G3V7;43.519;-80.233;"guelph"
N1G3V8;43.516;-80.23;"guelph"
N1G3V9;43.517;-80.221;"guelph"
N1G3W1;43.518;-80.223;"guelph"
N1G3W2;43.516;-80.222;"guelph"
N1G3W3;43.515;-80.222;"guelph"
N1G3W4;43.52;-80.233;"guelph"
N1G3W5;43.516;-80.223;"guelph"
N1G3W6;43.497;-80.217;"guelph"
N1G3W7;43.517;-80.23;"guelph"
N1G3W8;43.509;-80.231;"guelph"
N1G3W9;43.509;-80.24;"guelph"
N1G3X1;43.51;-80.25;"guelph"
N1G3X2;43.509;-80.24;"guelph"
N1G3X3;43.54;-80.276;"guelph"
N1G3X4;43.54;-80.276;"guelph"
N1G3X5;43.506;-80.228;"guelph"
N1G3X6;43.519;-80.229;"guelph"
N1G3X7;43.493;-80.206;"guelph"
N1G3X8;43.506;-80.227;"guelph"
N1G3X9;43.539;-80.268;"guelph"
N1G3Y1;43.498;-80.211;"guelph"
N1G3Y2;43.51;-80.242;"guelph"
N1G3Y3;43.539;-80.268;"guelph"
N1G3Y4;43.539;-80.268;"guelph"
N1G3Y5;43.539;-80.268;"guelph"
N1G3Y6;43.539;-80.268;"guelph"
N1G3Y7;43.539;-80.268;"guelph"
N1G3Y8;43.539;-80.268;"guelph"
N1G3Y9;43.519;-80.229;"guelph"
N1G3Z1;43.516;-80.22;"guelph"
N1G3Z2;43.52;-80.233;"guelph"
N1G3Z3;43.514;-80.236;"guelph"
N1G3Z4;43.514;-80.235;"guelph"
N1G3Z5;43.515;-80.236;"guelph"
N1G3Z6;43.514;-80.236;"guelph"
N1G3Z7;43.517;-80.203;"guelph"
N1G3Z8;43.513;-80.237;"guelph"
N1G3Z9;43.513;-80.237;"guelph"
N1G4A1;43.512;-80.238;"guelph"
N1G4A2;43.512;-80.238;"guelph"
N1G4A3;43.508;-80.239;"guelph"
N1G4A4;43.509;-80.24;"guelph"
N1G4A5;43.508;-80.24;"guelph"
N1G4A6;43.508;-80.241;"guelph"
N1G4A7;43.509;-80.24;"guelph"
N1G4A8;43.51;-80.241;"guelph"
N1G4A9;43.511;-80.242;"guelph"
N1G4B1;43.509;-80.242;"guelph"
N1G4B2;43.509;-80.242;"guelph"
N1G4B3;43.509;-80.243;"guelph"
N1G4B4;43.529;-80.21;"guelph"
N1G4B5;43.505;-80.226;"guelph"
N1G4B6;43.505;-80.226;"guelph"
N1G4B7;43.507;-80.225;"guelph"
N1G4B8;43.505;-80.226;"guelph"
N1G4B9;43.507;-80.225;"guelph"
N1G4C1;43.508;-80.225;"guelph"
N1G4C2;43.508;-80.223;"guelph"
N1G4C3;43.51;-80.227;"guelph"
N1G4C4;43.509;-80.226;"guelph"
N1G4C5;43.53;-80.209;"guelph"
N1G4C6;43.527;-80.211;"guelph"
N1G4C7;43.526;-80.211;"guelph"
N1G4C8;43.522;-80.212;"guelph"
N1G4C9;43.523;-80.212;"guelph"
N1G4E1;43.524;-80.214;"guelph"
N1G4E2;43.524;-80.214;"guelph"
N1G4E3;43.521;-80.214;"guelph"
N1G4E4;43.519;-80.232;"guelph"
N1G4E5;43.518;-80.231;"guelph"
N1G4E6;43.518;-80.232;"guelph"
N1G4E7;43.517;-80.23;"guelph"
N1G4E8;43.517;-80.23;"guelph"
N1G4E9;43.517;-80.23;"guelph"
N1G4G1;43.516;-80.229;"guelph"
N1G4G2;43.516;-80.229;"guelph"
N1G4G3;43.515;-80.229;"guelph"
N1G4G4;43.515;-80.229;"guelph"
N1G4G5;43.515;-80.228;"guelph"
N1G4G6;43.515;-80.228;"guelph"
N1G4G7;43.515;-80.228;"guelph"
N1G4G8;43.515;-80.228;"guelph"
N1G4G9;43.516;-80.228;"guelph"
N1G4H1;43.516;-80.227;"guelph"
N1G4H2;43.514;-80.22;"guelph"
N1G4H3;43.516;-80.227;"guelph"
N1G4H4;43.515;-80.223;"guelph"
N1G4H5;43.516;-80.226;"guelph"
N1G4H6;43.516;-80.223;"guelph"
N1G4H7;43.514;-80.221;"guelph"
N1G4H8;43.514;-80.22;"guelph"
N1G4H9;43.514;-80.221;"guelph"
N1G4J1;43.514;-80.22;"guelph"
N1G4J2;43.516;-80.222;"guelph"
N1G4J3;43.516;-80.222;"guelph"
N1G4J4;43.516;-80.221;"guelph"
N1G4J5;43.516;-80.221;"guelph"
N1G4J6;43.516;-80.22;"guelph"
N1G4J7;43.516;-80.219;"guelph"
N1G4J8;43.517;-80.22;"guelph"
N1G4J9;43.517;-80.222;"guelph"
N1G4K1;43.518;-80.222;"guelph"
N1G4K2;43.52;-80.222;"guelph"
N1G4K3;43.519;-80.222;"guelph"
N1G4K4;43.517;-80.225;"guelph"
N1G4K5;43.518;-80.224;"guelph"
N1G4K6;43.518;-80.225;"guelph"
N1G4K7;43.517;-80.226;"guelph"
N1G4K8;43.517;-80.225;"guelph"
N1G4K9;43.519;-80.226;"guelph"
N1G4L1;43.519;-80.227;"guelph"
N1G4L2;43.519;-80.226;"guelph"
N1G4L3;43.518;-80.228;"guelph"
N1G4L4;43.518;-80.226;"guelph"
N1G4L5;43.518;-80.228;"guelph"
N1G4L6;43.518;-80.228;"guelph"
N1G4L7;43.518;-80.23;"guelph"
N1G4L8;43.518;-80.23;"guelph"
N1G4L9;43.519;-80.231;"guelph"
N1G4M1;43.517;-80.227;"guelph"
N1G4M2;43.517;-80.227;"guelph"
N1G4M3;43.508;-80.239;"guelph"
N1G4M4;43.524;-80.211;"guelph"
N1G4M5;43.514;-80.237;"guelph"
N1G4M6;43.523;-80.212;"guelph"
N1G4M7;43.528;-80.209;"guelph"
N1G4M8;43.527;-80.21;"guelph"
N1G4M9;43.528;-80.21;"guelph"
N1G4N1;43.525;-80.21;"guelph"
N1G4N2;43.525;-80.21;"guelph"
N1G4N3;43.526;-80.21;"guelph"
N1G4N4;43.491;-80.207;"guelph"
N1G4N5;43.492;-80.206;"guelph"
N1G4N6;43.505;-80.227;"guelph"
N1G4N7;43.512;-80.239;"guelph"
N1G4N8;43.527;-80.208;"guelph"
N1G4N9;43.513;-80.239;"guelph"
N1G4P1;43.53;-80.219;"guelph"
N1G4P2;43.526;-80.216;"guelph"
N1G4P3;43.528;-80.218;"guelph"
N1G4P4;43.529;-80.219;"guelph"
N1G4P5;43.497;-80.211;"guelph"
N1G4P6;43.497;-80.217;"guelph"
N1G4P7;43.491;-80.202;"guelph"
N1G4P8;43.507;-80.238;"guelph"
N1G4P9;43.525;-80.253;"guelph"
N1G4R1;43.525;-80.254;"guelph"
N1G4R2;43.525;-80.253;"guelph"
N1G4R3;43.527;-80.258;"guelph"
N1G4R4;43.526;-80.254;"guelph"
N1G4R5;43.526;-80.255;"guelph"
N1G4R6;43.527;-80.254;"guelph"
N1G4R7;43.524;-80.219;"guelph"
N1G4R8;43.516;-80.243;"guelph"
N1G4R9;43.523;-80.214;"guelph"
N1G4S1;43.523;-80.214;"guelph"
N1G4S2;43.497;-80.217;"guelph"
N1G4S3;43.515;-80.235;"guelph"
N1G4S4;43.515;-80.235;"guelph"
N1G4S5;43.52;-80.233;"guelph"
N1G4S6;43.514;-80.236;"guelph"
N1G4S7;43.528;-80.239;"guelph"
N1G4S8;43.515;-80.236;"guelph"
N1G4S9;43.522;-80.231;"guelph"
N1G4T1;43.52;-80.233;"guelph"
N1G4T2;43.522;-80.228;"guelph"
N1G4T3;43.526;-80.219;"guelph"
N1G4T4;43.525;-80.255;"guelph"
N1G4T5;43.529;-80.241;"guelph"
N1G4T6;43.533;-80.231;"guelph"
N1G4T7;43.514;-80.238;"guelph"
N1G4T8;43.52;-80.233;"guelph"
N1G4T9;43.516;-80.216;"guelph"
N1G4U6;43.512;-80.238;"guelph"
N1G4V1;43.515;-80.216;"guelph"
N1G4V2;43.514;-80.218;"guelph"
N1G4V3;43.514;-80.216;"guelph"
N1G4V4;43.513;-80.215;"guelph"
N1G4V5;43.515;-80.215;"guelph"
N1G4V6;43.512;-80.239;"guelph"
N1G4V7;43.516;-80.218;"guelph"
N1G4V8;43.525;-80.221;"guelph"
N1G4V9;43.54;-80.207;"guelph"
N1G4W1;43.494;-80.207;"guelph"
N1G4W2;43.516;-80.218;"guelph"
N1G4W3;43.522;-80.212;"guelph"
N1G4W4;43.519;-80.234;"guelph"
N1G4W5;43.528;-80.251;"guelph"
N1G4W6;43.491;-80.207;"guelph"
N1G4W7;43.52;-80.222;"guelph"
N1G4W8;43.511;-80.21;"guelph"
N1G4W9;43.52;-80.207;"guelph"
N1G4X1;43.522;-80.212;"guelph"
N1G4X2;43.507;-80.197;"guelph"
N1G4X3;43.532;-80.209;"guelph"
N1G4X4;43.513;-80.221;"guelph"
N1G4X5;43.532;-80.229;"guelph"
N1G4X6;43.491;-80.212;"guelph"
N1G4X7;43.53;-80.212;"guelph"
N1G4X8;43.516;-80.218;"guelph"
N1G4X9;43.52;-80.209;"guelph"
N1G4Y1;43.502;-80.22;"guelph"
N1G4Y2;43.527;-80.225;"guelph"
N1G4Y3;43.515;-80.215;"guelph"
N1G4Y4;43.517;-80.217;"guelph"
N1G4Y5;43.514;-80.216;"guelph"
N1G4Y6;43.515;-80.214;"guelph"
N1G4Y7;43.512;-80.216;"guelph"
N1G4Y8;43.511;-80.217;"guelph"
N1G4Y9;43.512;-80.217;"guelph"
N1G4Z1;43.522;-80.236;"guelph"
N1G4Z2;43.517;-80.24;"guelph"
N1G4Z3;43.534;-80.235;"guelph"
N1G4Z4;43.522;-80.214;"guelph"
N1G4Z5;43.512;-80.218;"guelph"
N1G4Z6;43.512;-80.218;"guelph"
N1G4Z7;43.499;-80.216;"guelph"
N1G4Z8;43.533;-80.231;"guelph"
N1G4Z9;43.512;-80.212;"guelph"
N1G5A1;43.499;-80.195;"guelph"
N1G5A2;43.495;-80.198;"guelph"
N1G5A3;43.502;-80.194;"guelph"
N1G5A4;43.496;-80.199;"guelph"
N1G5A5;43.504;-80.193;"guelph"
N1G5A6;43.5;-80.201;"guelph"
N1G5A7;43.511;-80.217;"guelph"
N1G5A8;43.51;-80.213;"guelph"
N1G5A9;43.51;-80.213;"guelph"
N1G5B1;43.51;-80.213;"guelph"
N1G5B2;43.522;-80.228;"guelph"
N1G5B3;43.511;-80.214;"guelph"
N1G5B4;43.499;-80.198;"guelph"
N1G5B5;43.498;-80.198;"guelph"
N1G5B6;43.498;-80.197;"guelph"
N1G5B7;43.499;-80.196;"guelph"
N1G5B8;43.499;-80.196;"guelph"
N1G5B9;43.498;-80.194;"guelph"
N1G5C1;43.511;-80.214;"guelph"
N1G5C2;43.512;-80.207;"guelph"
N1G5C3;43.511;-80.21;"guelph"
N1G5C4;43.511;-80.209;"guelph"
N1G5C5;43.511;-80.213;"guelph"
N1G5C6;43.511;-80.213;"guelph"
N1G5C7;43.511;-80.213;"guelph"
N1G5C8;43.517;-80.216;"guelph"
N1G5C9;43.52;-80.233;"guelph"
N1G5E1;43.494;-80.205;"guelph"
N1G5E2;43.522;-80.229;"guelph"
N1G5E3;43.501;-80.193;"guelph"
N1G5E4;43.498;-80.194;"guelph"
N1G5E5;43.498;-80.194;"guelph"
N1G5E6;43.499;-80.192;"guelph"
N1G5E7;43.502;-80.193;"guelph"
N1G5E8;43.475;-80.301;"guelph"
N1G5E9;43.51;-80.213;"guelph"
N1G5G1;43.51;-80.214;"guelph"
N1G5G2;43.509;-80.214;"guelph"
N1G5G3;43.523;-80.228;"guelph"
N1G5G4;43.52;-80.233;"guelph"
N1G5G5;43.491;-80.209;"guelph"
N1G5G6;43.497;-80.217;"guelph"
N1G5G7;43.509;-80.212;"guelph"
N1G5G8;43.51;-80.212;"guelph"
N1G5G9;43.51;-80.212;"guelph"
N1G5H1;43.515;-80.214;"guelph"
N1G5H2;43.512;-80.209;"guelph"
N1G5H3;43.513;-80.21;"guelph"
N1G5H4;43.513;-80.21;"guelph"
N1G5H5;43.502;-80.196;"guelph"
N1G5H6;43.503;-80.194;"guelph"
N1G5H7;43.501;-80.197;"guelph"
N1G5H8;43.502;-80.196;"guelph"
N1G5H9;43.503;-80.197;"guelph"
N1G5J1;43.504;-80.194;"guelph"
N1G5J2;43.504;-80.194;"guelph"
N1G5J3;43.491;-80.21;"guelph"
N1G5J5;43.53;-80.221;"guelph"
N1G5J6;43.523;-80.233;"guelph"
N1G5J7;43.503;-80.197;"guelph"
N1G5J8;43.502;-80.194;"guelph"
N1G5J9;43.505;-80.195;"guelph"
N1G5K1;43.523;-80.229;"guelph"
N1G5K2;43.513;-80.21;"guelph"
N1G5K3;43.514;-80.212;"guelph"
N1G5K4;43.514;-80.212;"guelph"
N1G5K5;43.525;-80.235;"guelph"
N1G5K6;43.501;-80.193;"guelph"
N1G5K7;43.514;-80.212;"guelph"
N1G5K8;43.532;-80.214;"guelph"
N1G5K9;43.532;-80.214;"guelph"
N1G5L1;43.523;-80.229;"guelph"
N1G5L2;43.525;-80.234;"guelph"
N1G5L3;43.524;-80.228;"guelph"
N1G5L4;43.52;-80.233;"guelph"
N1G5L5;43.504;-80.194;"guelph"
N1G5L7;43.516;-80.226;"guelph"
N1G5N4;43.516;-80.226;"guelph"
N1G5V1;43.515;-80.227;"guelph"
N1G5W9;43.515;-80.227;"guelph"
N1G7K4;43.515;-80.227;"guelph"
N1G7M1;43.517;-80.243;"guelph"
N1H0A1;43.544;-80.282;"guelph"
N1H0A4;43.55;-80.254;"guelph"
N1H1A1;43.553;-80.284;"guelph"
N1H1A2;43.552;-80.283;"guelph"
N1H1A3;43.55;-80.281;"guelph"
N1H1A4;43.55;-80.28;"guelph"
N1H1A5;43.555;-80.287;"guelph"
N1H1A6;43.55;-80.28;"guelph"
N1H1A7;43.55;-80.28;"guelph"
N1H1A8;43.547;-80.277;"guelph"
N1H1B1;43.546;-80.275;"guelph"
N1H1B2;43.562;-80.282;"guelph"
N1H1B4;43.562;-80.282;"guelph"
N1H1B5;43.558;-80.287;"guelph"
N1H1B6;43.555;-80.291;"guelph"
N1H1B8;43.551;-80.281;"guelph"
N1H1B9;43.552;-80.286;"guelph"
N1H1C1;43.553;-80.285;"guelph"
N1H1C3;43.55;-80.279;"guelph"
N1H1C4;43.549;-80.282;"guelph"
N1H1C5;43.551;-80.269;"guelph"
N1H1C6;43.543;-80.29;"guelph"
N1H1C7;43.546;-80.285;"guelph"
N1H1C8;43.546;-80.276;"guelph"
N1H1C9;43.549;-80.274;"guelph"
N1H1E1;43.549;-80.276;"guelph"
N1H1E2;43.549;-80.274;"guelph"
N1H1E3;43.548;-80.273;"guelph"
N1H1E5;43.552;-80.278;"guelph"
N1H1E6;43.548;-80.291;"guelph"
N1H1E7;43.545;-80.287;"guelph"
N1H1E8;43.549;-80.292;"guelph"
N1H1E9;43.546;-80.294;"guelph"
N1H1G0;43.565;-80.275;"guelph"
N1H1G1;43.547;-80.295;"guelph"
N1H1G2;43.542;-80.297;"guelph"
N1H1G3;43.546;-80.303;"guelph"
N1H1G4;43.537;-80.297;"guelph"
N1H1G5;43.565;-80.277;"guelph"
N1H1G6;43.564;-80.278;"guelph"
N1H1G7;43.567;-80.275;"guelph"
N1H1G8;43.564;-80.279;"guelph"
N1H1G9;43.563;-80.272;"guelph"
N1H1H1;43.558;-80.276;"guelph"
N1H1H2;43.552;-80.282;"guelph"
N1H1H3;43.557;-80.277;"guelph"
N1H1H4;43.557;-80.277;"guelph"
N1H1H5;43.555;-80.275;"guelph"
N1H1H6;43.556;-80.273;"guelph"
N1H1H7;43.553;-80.277;"guelph"
N1H1H8;43.553;-80.277;"guelph"
N1H1H9;43.553;-80.277;"guelph"
N1H1J1;43.552;-80.279;"guelph"
N1H1J2;43.559;-80.268;"guelph"
N1H1J3;43.558;-80.268;"guelph"
N1H1J4;43.558;-80.269;"guelph"
N1H1J5;43.557;-80.27;"guelph"
N1H1J6;43.546;-80.286;"guelph"
N1H1J7;43.556;-80.272;"guelph"
N1H1J8;43.557;-80.27;"guelph"
N1H1J9;43.557;-80.271;"guelph"
N1H1K1;43.554;-80.274;"guelph"
N1H1K2;43.554;-80.274;"guelph"
N1H1K3;43.555;-80.273;"guelph"
N1H1K4;43.553;-80.276;"guelph"
N1H1K5;43.552;-80.277;"guelph"
N1H1K6;43.556;-80.27;"guelph"
N1H1K7;43.556;-80.27;"guelph"
N1H1K8;43.558;-80.267;"guelph"
N1H1K9;43.558;-80.267;"guelph"
N1H1L1;43.553;-80.274;"guelph"
N1H1L2;43.553;-80.275;"guelph"
N1H1L3;43.552;-80.275;"guelph"
N1H1L4;43.556;-80.27;"guelph"
N1H1L5;43.556;-80.27;"guelph"
N1H1L6;43.556;-80.269;"guelph"
N1H1L7;43.557;-80.268;"guelph"
N1H1L8;43.557;-80.267;"guelph"
N1H1L9;43.558;-80.266;"guelph"
N1H1M1;43.556;-80.268;"guelph"
N1H1M2;43.556;-80.268;"guelph"
N1H1M3;43.555;-80.27;"guelph"
N1H1M4;43.555;-80.269;"guelph"
N1H1M5;43.553;-80.271;"guelph"
N1H1M6;43.554;-80.27;"guelph"
N1H1M7;43.553;-80.271;"guelph"
N1H1M8;43.553;-80.272;"guelph"
N1H1M9;43.557;-80.266;"guelph"
N1H1N1;43.557;-80.266;"guelph"
N1H1N2;43.556;-80.265;"guelph"
N1H1N3;43.556;-80.265;"guelph"
N1H1N4;43.556;-80.265;"guelph"
N1H1N5;43.556;-80.266;"guelph"
N1H1N6;43.556;-80.265;"guelph"
N1H1N7;43.556;-80.265;"guelph"
N1H1N8;43.553;-80.268;"guelph"
N1H1N9;43.553;-80.268;"guelph"
N1H1P1;43.553;-80.268;"guelph"
N1H1P2;43.544;-80.279;"guelph"
N1H1P3;43.544;-80.28;"guelph"
N1H1P4;43.543;-80.281;"guelph"
N1H1P5;43.544;-80.278;"guelph"
N1H1P6;43.555;-80.263;"guelph"
N1H1P7;43.555;-80.263;"guelph"
N1H1P8;43.556;-80.262;"guelph"
N1H1P9;43.555;-80.263;"guelph"
N1H1R1;43.554;-80.265;"guelph"
N1H1R2;43.554;-80.265;"guelph"
N1H1R3;43.552;-80.266;"guelph"
N1H1R4;43.552;-80.267;"guelph"
N1H1R5;43.552;-80.268;"guelph"
N1H1R6;43.551;-80.268;"guelph"
N1H1R7;43.551;-80.269;"guelph"
N1H1R8;43.551;-80.269;"guelph"
N1H1R9;43.553;-80.265;"guelph"
N1H1S1;43.553;-80.264;"guelph"
N1H1S2;43.551;-80.268;"guelph"
N1H1S3;43.547;-80.261;"guelph"
N1H1S4;43.555;-80.261;"guelph"
N1H1S5;43.556;-80.26;"guelph"
N1H1S6;43.554;-80.262;"guelph"
N1H1S7;43.554;-80.261;"guelph"
N1H1S8;43.554;-80.262;"guelph"
N1H1S9;43.553;-80.262;"guelph"
N1H1T1;43.545;-80.301;"guelph"
N1H1T2;43.553;-80.263;"guelph"
N1H1T3;43.554;-80.26;"guelph"
N1H1T4;43.554;-80.26;"guelph"
N1H1T5;43.549;-80.266;"guelph"
N1H1T6;43.549;-80.266;"guelph"
N1H1T7;43.553;-80.261;"guelph"
N1H1T8;43.553;-80.262;"guelph"
N1H1T9;43.553;-80.261;"guelph"
N1H1V1;43.553;-80.261;"guelph"
N1H1V2;43.552;-80.262;"guelph"
N1H1V3;43.554;-80.26;"guelph"
N1H1V4;43.554;-80.259;"guelph"
N1H1V5;43.542;-80.278;"guelph"
N1H1V6;43.542;-80.279;"guelph"
N1H1V7;43.545;-80.271;"guelph"
N1H1V8;43.548;-80.253;"guelph"
N1H1W1;43.546;-80.271;"guelph"
N1H1W2;43.544;-80.273;"guelph"
N1H1W3;43.544;-80.273;"guelph"
N1H1W4;43.542;-80.276;"guelph"
N1H1W5;43.54;-80.278;"guelph"
N1H1W6;43.544;-80.274;"guelph"
N1H1W7;43.536;-80.284;"guelph"
N1H1W8;43.543;-80.275;"guelph"
N1H1W9;43.541;-80.278;"guelph"
N1H1X1;43.536;-80.283;"guelph"
N1H1X2;43.535;-80.284;"guelph"
N1H1X3;43.534;-80.284;"guelph"
N1H1X4;43.534;-80.284;"guelph"
N1H1X5;43.553;-80.26;"guelph"
N1H1X6;43.552;-80.26;"guelph"
N1H1X7;43.553;-80.26;"guelph"
N1H1X8;43.552;-80.26;"guelph"
N1H1X9;43.552;-80.261;"guelph"
N1H1Y1;43.552;-80.26;"guelph"
N1H1Y2;43.552;-80.261;"guelph"
N1H1Y3;43.552;-80.262;"guelph"
N1H1Y4;43.551;-80.261;"guelph"
N1H1Y5;43.551;-80.261;"guelph"
N1H1Y6;43.553;-80.258;"guelph"
N1H1Y7;43.553;-80.258;"guelph"
N1H1Y8;43.551;-80.26;"guelph"
N1H1Y9;43.551;-80.26;"guelph"
N1H1Z1;43.552;-80.259;"guelph"
N1H1Z2;43.552;-80.259;"guelph"
N1H1Z3;43.535;-80.282;"guelph"
N1H1Z4;43.543;-80.27;"guelph"
N1H1Z5;43.543;-80.27;"guelph"
N1H1Z6;43.543;-80.27;"guelph"
N1H1Z7;43.542;-80.271;"guelph"
N1H1Z8;43.542;-80.271;"guelph"
N1H1Z9;43.541;-80.272;"guelph"
N1H2A1;43.541;-80.272;"guelph"
N1H2A2;43.548;-80.263;"guelph"
N1H2A3;43.548;-80.263;"guelph"
N1H2A4;43.551;-80.26;"guelph"
N1H2A5;43.551;-80.26;"guelph"
N1H2A6;43.551;-80.258;"guelph"
N1H2A7;43.55;-80.259;"guelph"
N1H2A8;43.549;-80.26;"guelph"
N1H2A9;43.538;-80.275;"guelph"
N1H2B1;43.55;-80.257;"guelph"
N1H2B2;43.55;-80.257;"guelph"
N1H2B3;43.551;-80.256;"guelph"
N1H2B4;43.55;-80.257;"guelph"
N1H2B5;43.55;-80.257;"guelph"
N1H2B6;43.549;-80.259;"guelph"
N1H2B7;43.549;-80.259;"guelph"
N1H2B8;43.546;-80.257;"guelph"
N1H2B9;43.547;-80.261;"guelph"
N1H2C1;43.547;-80.261;"guelph"
N1H2C2;43.547;-80.261;"guelph"
N1H2C3;43.546;-80.262;"guelph"
N1H2C4;43.546;-80.262;"guelph"
N1H2C5;43.546;-80.263;"guelph"
N1H2C6;43.544;-80.265;"guelph"
N1H2C7;43.544;-80.265;"guelph"
N1H2C8;43.544;-80.265;"guelph"
N1H2C9;43.55;-80.256;"guelph"
N1H2D3;43.544;-80.282;"guelph"
N1H2E1;43.55;-80.256;"guelph"
N1H2E2;43.549;-80.256;"guelph"
N1H2E3;43.549;-80.256;"guelph"
N1H2E4;43.546;-80.261;"guelph"
N1H2E5;43.546;-80.261;"guelph"
N1H2E6;43.543;-80.266;"guelph"
N1H2E7;43.543;-80.266;"guelph"
N1H2E8;43.541;-80.268;"guelph"
N1H2E9;43.541;-80.268;"guelph"
N1H2G2;43.546;-80.259;"guelph"
N1H2G3;43.546;-80.259;"guelph"
N1H2G4;43.546;-80.26;"guelph"
N1H2G5;43.546;-80.26;"guelph"
N1H2G6;43.549;-80.255;"guelph"
N1H2G7;43.55;-80.254;"guelph"
N1H2G8;43.549;-80.256;"guelph"
N1H2G9;43.55;-80.254;"guelph"
N1H2H1;43.548;-80.256;"guelph"
N1H2H2;43.547;-80.258;"guelph"
N1H2H3;43.547;-80.257;"guelph"
N1H2H4;43.547;-80.257;"guelph"
N1H2H5;43.547;-80.257;"guelph"
N1H2H6;43.547;-80.255;"guelph"
N1H2H7;43.548;-80.254;"guelph"
N1H2H8;43.548;-80.254;"guelph"
N1H2H9;43.547;-80.255;"guelph"
N1H2J0;43.544;-80.282;"guelph"
N1H2J1;43.547;-80.256;"guelph"
N1H2J2;43.546;-80.258;"guelph"
N1H2J3;43.546;-80.258;"guelph"
N1H2J4;43.546;-80.258;"guelph"
N1H2J5;43.545;-80.26;"guelph"
N1H2J6;43.545;-80.26;"guelph"
N1H2J7;43.544;-80.262;"guelph"
N1H2J8;43.544;-80.262;"guelph"
N1H2J9;43.543;-80.263;"guelph"
N1H2K1;43.543;-80.264;"guelph"
N1H2K2;43.541;-80.266;"guelph"
N1H2K3;43.542;-80.265;"guelph"
N1H2K4;43.54;-80.268;"guelph"
N1H2K5;43.541;-80.266;"guelph"
N1H2K6;43.537;-80.271;"guelph"
N1H2K7;43.537;-80.271;"guelph"
N1H2K8;43.546;-80.255;"guelph"
N1H2K9;43.546;-80.255;"guelph"
N1H2L0;43.543;-80.271;"guelph"
N1H2L1;43.545;-80.257;"guelph"
N1H2L2;43.546;-80.256;"guelph"
N1H2L3;43.544;-80.258;"guelph"
N1H2L4;43.544;-80.259;"guelph"
N1H2L5;43.544;-80.26;"guelph"
N1H2L6;43.542;-80.263;"guelph"
N1H2L7;43.543;-80.261;"guelph"
N1H2L8;43.542;-80.264;"guelph"
N1H2L9;43.541;-80.264;"guelph"
N1H2M1;43.54;-80.266;"guelph"
N1H2M2;43.54;-80.266;"guelph"
N1H2M3;43.546;-80.254;"guelph"
N1H2M4;43.545;-80.255;"guelph"
N1H2M5;43.545;-80.256;"guelph"
N1H2M6;43.545;-80.255;"guelph"
N1H2M7;43.544;-80.257;"guelph"
N1H2M8;43.544;-80.258;"guelph"
N1H2M9;43.542;-80.262;"guelph"
N1H2N1;43.542;-80.261;"guelph"
N1H2N2;43.536;-80.27;"guelph"
N1H2N3;43.537;-80.27;"guelph"
N1H2N4;43.547;-80.251;"guelph"
N1H2N5;43.545;-80.253;"guelph"
N1H2N6;43.545;-80.252;"guelph"
N1H2N7;43.545;-80.255;"guelph"
N1H2N8;43.545;-80.254;"guelph"
N1H2N9;43.544;-80.256;"guelph"
N1H2P1;43.543;-80.258;"guelph"
N1H2P2;43.543;-80.258;"guelph"
N1H2P3;43.543;-80.259;"guelph"
N1H2P4;43.542;-80.26;"guelph"
N1H2P5;43.541;-80.261;"guelph"
N1H2P6;43.542;-80.26;"guelph"
N1H2P7;43.541;-80.262;"guelph"
N1H2P8;43.541;-80.263;"guelph"
N1H2P9;43.54;-80.264;"guelph"
N1H2R0;43.543;-80.271;"guelph"
N1H2R1;43.54;-80.265;"guelph"
N1H2R2;43.538;-80.267;"guelph"
N1H2R3;43.538;-80.267;"guelph"
N1H2R4;43.538;-80.267;"guelph"
N1H2R5;43.537;-80.268;"guelph"
N1H2R6;43.536;-80.269;"guelph"
N1H2R7;43.536;-80.269;"guelph"
N1H2R8;43.535;-80.27;"guelph"
N1H2R9;43.535;-80.271;"guelph"
N1H2S1;43.535;-80.271;"guelph"
N1H2S2;43.534;-80.272;"guelph"
N1H2S3;43.534;-80.272;"guelph"
N1H2S4;43.54;-80.263;"guelph"
N1H2S5;43.54;-80.263;"guelph"
N1H2S6;43.539;-80.264;"guelph"
N1H2S7;43.546;-80.249;"guelph"
N1H2S8;43.546;-80.249;"guelph"
N1H2S9;43.547;-80.249;"guelph"
N1H2T1;43.545;-80.252;"guelph"
N1H2T2;43.546;-80.252;"guelph"
N1H2T3;43.545;-80.252;"guelph"
N1H2T4;43.546;-80.251;"guelph"
N1H2T5;43.545;-80.251;"guelph"
N1H2T6;43.547;-80.25;"guelph"
N1H2T7;43.545;-80.252;"guelph"
N1H2T8;43.544;-80.254;"guelph"
N1H2T9;43.543;-80.255;"guelph"
N1H2V1;43.543;-80.256;"guelph"
N1H2V2;43.542;-80.257;"guelph"
N1H2V3;43.542;-80.258;"guelph"
N1H2V4;43.542;-80.258;"guelph"
N1H2V5;43.537;-80.264;"guelph"
N1H2V6;43.537;-80.264;"guelph"
N1H2V7;43.537;-80.264;"guelph"
N1H2V8;43.536;-80.264;"guelph"
N1H2V9;43.54;-80.261;"guelph"
N1H2W0;43.544;-80.247;"guelph"
N1H2W1;43.539;-80.261;"guelph"
N1H2W2;43.541;-80.259;"guelph"
N1H2W3;43.541;-80.259;"guelph"
N1H2W4;43.54;-80.26;"guelph"
N1H2W5;43.54;-80.259;"guelph"
N1H2W6;43.545;-80.251;"guelph"
N1H2W7;43.544;-80.251;"guelph"
N1H2W8;43.544;-80.251;"guelph"
N1H2W9;43.544;-80.251;"guelph"
N1H2X1;43.549;-80.299;"guelph"
N1H2X2;43.544;-80.252;"guelph"
N1H2X3;43.543;-80.253;"guelph"
N1H2X4;43.542;-80.255;"guelph"
N1H2X5;43.542;-80.255;"guelph"
N1H2X6;43.542;-80.255;"guelph"
N1H2X7;43.541;-80.257;"guelph"
N1H2X8;43.541;-80.257;"guelph"
N1H2X9;43.54;-80.258;"guelph"
N1H2Y1;43.542;-80.254;"guelph"
N1H2Y2;43.542;-80.253;"guelph"
N1H2Y3;43.541;-80.255;"guelph"
N1H2Y4;43.542;-80.255;"guelph"
N1H2Y5;43.536;-80.263;"guelph"
N1H2Y6;43.536;-80.263;"guelph"
N1H2Y7;43.539;-80.258;"guelph"
N1H2Y8;43.54;-80.257;"guelph"
N1H2Y9;43.539;-80.259;"guelph"
N1H2Z1;43.539;-80.259;"guelph"
N1H2Z2;43.544;-80.25;"guelph"
N1H2Z3;43.544;-80.249;"guelph"
N1H2Z4;43.544;-80.25;"guelph"
N1H2Z5;43.544;-80.249;"guelph"
N1H2Z6;43.545;-80.248;"guelph"
N1H2Z7;43.545;-80.248;"guelph"
N1H2Z9;43.545;-80.246;"guelph"
N1H3A1;43.544;-80.248;"guelph"
N1H3A2;43.544;-80.248;"guelph"
N1H3A3;43.544;-80.248;"guelph"
N1H3A4;43.546;-80.246;"guelph"
N1H3A5;43.542;-80.252;"guelph"
N1H3A6;43.543;-80.251;"guelph"
N1H3A7;43.542;-80.252;"guelph"
N1H3A8;43.542;-80.252;"guelph"
N1H3A9;43.54;-80.255;"guelph"
N1H3B1;43.541;-80.254;"guelph"
N1H3B2;43.539;-80.257;"guelph"
N1H3B3;43.539;-80.257;"guelph"
N1H3B4;43.539;-80.258;"guelph"
N1H3B5;43.538;-80.259;"guelph"
N1H3B6;43.543;-80.249;"guelph"
N1H3B7;43.541;-80.252;"guelph"
N1H3B8;43.541;-80.251;"guelph"
N1H3B9;43.54;-80.253;"guelph"
N1H3C1;43.539;-80.254;"guelph"
N1H3C2;43.538;-80.256;"guelph"
N1H3C3;43.539;-80.255;"guelph"
N1H3C4;43.538;-80.257;"guelph"
N1H3C5;43.537;-80.259;"guelph"
N1H3C6;43.536;-80.26;"guelph"
N1H3C7;43.536;-80.26;"guelph"
N1H3C8;43.536;-80.261;"guelph"
N1H3C9;43.535;-80.262;"guelph"
N1H3E1;43.535;-80.263;"guelph"
N1H3E2;43.529;-80.265;"guelph"
N1H3E3;43.535;-80.26;"guelph"
N1H3E4;43.535;-80.26;"guelph"
N1H3E5;43.534;-80.261;"guelph"
N1H3E6;43.534;-80.261;"guelph"
N1H3E7;43.534;-80.262;"guelph"
N1H3E8;43.534;-80.262;"guelph"
N1H3E9;43.537;-80.257;"guelph"
N1H3G1;43.536;-80.258;"guelph"
N1H3G2;43.535;-80.259;"guelph"
N1H3G3;43.536;-80.259;"guelph"
N1H3G4;43.538;-80.255;"guelph"
N1H3G5;43.537;-80.256;"guelph"
N1H3G6;43.537;-80.256;"guelph"
N1H3G7;43.536;-80.257;"guelph"
N1H3G8;43.536;-80.257;"guelph"
N1H3G9;43.531;-80.263;"guelph"
N1H3H1;43.531;-80.263;"guelph"
N1H3H2;43.542;-80.249;"guelph"
N1H3H3;43.542;-80.249;"guelph"
N1H3H4;43.541;-80.251;"guelph"
N1H3H5;43.541;-80.251;"guelph"
N1H3H6;43.539;-80.252;"guelph"
N1H3H7;43.539;-80.252;"guelph"
N1H3H8;43.539;-80.253;"guelph"
N1H3H9;43.538;-80.254;"guelph"
N1H3J1;43.538;-80.253;"guelph"
N1H3J2;43.537;-80.255;"guelph"
N1H3J3;43.536;-80.255;"guelph"
N1H3J4;43.536;-80.256;"guelph"
N1H3J5;43.536;-80.256;"guelph"
N1H3J6;43.535;-80.257;"guelph"
N1H3J7;43.534;-80.258;"guelph"
N1H3J8;43.533;-80.259;"guelph"
N1H3J9;43.533;-80.259;"guelph"
N1H3K1;43.533;-80.259;"guelph"
N1H3K2;43.531;-80.261;"guelph"
N1H3K3;43.531;-80.261;"guelph"
N1H3K4;43.529;-80.262;"guelph"
N1H3K5;43.528;-80.262;"guelph"
N1H3K6;43.538;-80.253;"guelph"
N1H3K7;43.538;-80.253;"guelph"
N1H3K8;43.542;-80.249;"guelph"
N1H3K9;43.54;-80.25;"guelph"
N1H3L1;43.54;-80.25;"guelph"
N1H3L2;43.539;-80.251;"guelph"
N1H3L3;43.539;-80.251;"guelph"
N1H3L4;43.538;-80.251;"guelph"
N1H3L5;43.538;-80.251;"guelph"
N1H3L6;43.538;-80.248;"guelph"
N1H3L7;43.539;-80.246;"guelph"
N1H3L8;43.537;-80.251;"guelph"
N1H3L9;43.536;-80.253;"guelph"
N1H3M1;43.537;-80.252;"guelph"
N1H3M2;43.535;-80.254;"guelph"
N1H3M3;43.534;-80.256;"guelph"
N1H3M4;43.533;-80.257;"guelph"
N1H3M5;43.532;-80.258;"guelph"
N1H3M6;43.542;-80.248;"guelph"
N1H3M7;43.542;-80.248;"guelph"
N1H3M8;43.539;-80.249;"guelph"
N1H3M9;43.539;-80.249;"guelph"
N1H3N1;43.538;-80.25;"guelph"
N1H3N2;43.539;-80.249;"guelph"
N1H3N3;43.544;-80.246;"guelph"
N1H3N4;43.544;-80.246;"guelph"
N1H3N5;43.542;-80.247;"guelph"
N1H3N6;43.544;-80.246;"guelph"
N1H3N8;43.544;-80.245;"guelph"
N1H3N9;43.543;-80.246;"guelph"
N1H3P1;43.543;-80.246;"guelph"
N1H3P2;43.54;-80.247;"guelph"
N1H3P3;43.54;-80.248;"guelph"
N1H3P4;43.54;-80.248;"guelph"
N1H3P5;43.542;-80.245;"guelph"
N1H3P6;43.543;-80.245;"guelph"
N1H3P7;43.544;-80.244;"guelph"
N1H3P9;43.545;-80.244;"guelph"
N1H3R1;43.545;-80.244;"guelph"
N1H3R2;43.545;-80.244;"guelph"
N1H3R3;43.54;-80.246;"guelph"
N1H3R4;43.54;-80.246;"guelph"
N1H3R5;43.542;-80.245;"guelph"
N1H3R6;43.539;-80.247;"guelph"
N1H3R7;43.542;-80.244;"guelph"
N1H3R8;43.543;-80.243;"guelph"
N1H3R9;43.539;-80.245;"guelph"
N1H3S1;43.538;-80.246;"guelph"
N1H3S2;43.539;-80.246;"guelph"
N1H3S4;43.537;-80.249;"guelph"
N1H3S5;43.536;-80.252;"guelph"
N1H3S6;43.535;-80.253;"guelph"
N1H3S7;43.54;-80.281;"guelph"
N1H3S8;43.542;-80.282;"guelph"
N1H3S9;43.534;-80.272;"guelph"
N1H3T0;43.538;-80.277;"guelph"
N1H3T1;43.535;-80.273;"guelph"
N1H3T2;43.541;-80.282;"guelph"
N1H3T3;43.539;-80.28;"guelph"
N1H3T4;43.538;-80.289;"guelph"
N1H3T5;43.547;-80.245;"guelph"
N1H3T7;43.546;-80.247;"guelph"
N1H3T9;43.548;-80.249;"guelph"
N1H3V1;43.548;-80.249;"guelph"
N1H3V2;43.548;-80.249;"guelph"
N1H3V3;43.548;-80.251;"guelph"
N1H3V4;43.549;-80.254;"guelph"
N1H3V5;43.548;-80.252;"guelph"
N1H3V6;43.548;-80.253;"guelph"
N1H3V7;43.548;-80.254;"guelph"
N1H3V8;43.55;-80.256;"guelph"
N1H3V9;43.549;-80.255;"guelph"
N1H3W0;43.551;-80.256;"guelph"
N1H3W1;43.549;-80.256;"guelph"
N1H3W2;43.55;-80.257;"guelph"
N1H3W3;43.55;-80.257;"guelph"
N1H3W4;43.551;-80.258;"guelph"
N1H3W5;43.551;-80.258;"guelph"
N1H3W6;43.552;-80.259;"guelph"
N1H3W7;43.552;-80.26;"guelph"
N1H3W8;43.552;-80.259;"guelph"
N1H3X1;43.553;-80.26;"guelph"
N1H3X2;43.553;-80.261;"guelph"
N1H3X3;43.553;-80.261;"guelph"
N1H3X4;43.554;-80.261;"guelph"
N1H3X5;43.554;-80.262;"guelph"
N1H3X6;43.554;-80.263;"guelph"
N1H3X7;43.555;-80.263;"guelph"
N1H3X8;43.556;-80.265;"guelph"
N1H3X9;43.555;-80.264;"guelph"
N1H3Y1;43.556;-80.265;"guelph"
N1H3Y2;43.561;-80.272;"guelph"
N1H3Y3;43.544;-80.23;"guelph"
N1H3Y4;43.556;-80.266;"guelph"
N1H3Y5;43.557;-80.267;"guelph"
N1H3Y6;43.557;-80.267;"guelph"
N1H3Y7;43.559;-80.268;"guelph"
N1H3Y8;43.56;-80.271;"guelph"
N1H3Y9;43.559;-80.27;"guelph"
N1H3Z1;43.56;-80.271;"guelph"
N1H3Z2;43.561;-80.272;"guelph"
N1H3Z3;43.544;-80.247;"guelph"
N1H3Z4;43.549;-80.252;"guelph"
N1H3Z5;43.549;-80.253;"guelph"
N1H3Z6;43.55;-80.255;"guelph"
N1H3Z7;43.55;-80.254;"guelph"
N1H3Z8;43.553;-80.257;"guelph"
N1H3Z9;43.552;-80.257;"guelph"
N1H4A1;43.552;-80.257;"guelph"
N1H4A2;43.552;-80.257;"guelph"
N1H4A3;43.553;-80.258;"guelph"
N1H4A4;43.553;-80.259;"guelph"
N1H4A5;43.554;-80.259;"guelph"
N1H4A6;43.554;-80.259;"guelph"
N1H4A7;43.554;-80.26;"guelph"
N1H4A8;43.554;-80.26;"guelph"
N1H4A9;43.554;-80.261;"guelph"
N1H4B1;43.555;-80.261;"guelph"
N1H4B2;43.555;-80.261;"guelph"
N1H4B3;43.556;-80.263;"guelph"
N1H4B4;43.556;-80.263;"guelph"
N1H4B5;43.557;-80.264;"guelph"
N1H4B6;43.557;-80.265;"guelph"
N1H4B7;43.545;-80.245;"guelph"
N1H4B8;43.544;-80.246;"guelph"
N1H4B9;43.545;-80.244;"guelph"
N1H4C1;43.545;-80.244;"guelph"
N1H4C2;43.545;-80.243;"guelph"
N1H4C3;43.544;-80.245;"guelph"
N1H4C4;43.544;-80.247;"guelph"
N1H4C5;43.544;-80.246;"guelph"
N1H4C6;43.544;-80.246;"guelph"
N1H4C9;43.544;-80.246;"guelph"
N1H4E0;43.54;-80.276;"guelph"
N1H4E1;43.543;-80.244;"guelph"
N1H4E2;43.545;-80.248;"guelph"
N1H4E3;43.544;-80.248;"guelph"
N1H4E4;43.545;-80.248;"guelph"
N1H4E5;43.545;-80.248;"guelph"
N1H4E6;43.545;-80.247;"guelph"
N1H4E7;43.546;-80.25;"guelph"
N1H4E8;43.547;-80.25;"guelph"
N1H4E9;43.547;-80.25;"guelph"
N1H4G1;43.548;-80.251;"guelph"
N1H4G2;43.547;-80.253;"guelph"
N1H4G3;43.547;-80.252;"guelph"
N1H4G4;43.542;-80.247;"guelph"
N1H4G5;43.544;-80.25;"guelph"
N1H4G6;43.544;-80.25;"guelph"
N1H4G7;43.536;-80.239;"guelph"
N1H4G8;43.542;-80.248;"guelph"
N1H4G9;43.542;-80.248;"guelph"
N1H4H1;43.542;-80.247;"guelph"
N1H4H2;43.541;-80.247;"guelph"
N1H4H3;43.541;-80.247;"guelph"
N1H4H4;43.541;-80.245;"guelph"
N1H4H5;43.541;-80.246;"guelph"
N1H4H6;43.54;-80.244;"guelph"
N1H4H7;43.54;-80.243;"guelph"
N1H4H8;43.543;-80.249;"guelph"
N1H4H9;43.543;-80.25;"guelph"
N1H4J1;43.543;-80.25;"guelph"
N1H4J2;43.544;-80.251;"guelph"
N1H4J3;43.545;-80.251;"guelph"
N1H4J4;43.544;-80.251;"guelph"
N1H4J5;43.542;-80.25;"guelph"
N1H4J6;43.545;-80.252;"guelph"
N1H4J7;43.546;-80.253;"guelph"
N1H4J8;43.546;-80.253;"guelph"
N1H4J9;43.547;-80.253;"guelph"
N1H4K1;43.548;-80.255;"guelph"
N1H4K2;43.547;-80.254;"guelph"
N1H4K3;43.548;-80.255;"guelph"
N1H4K4;43.551;-80.261;"guelph"
N1H4K5;43.551;-80.26;"guelph"
N1H4K6;43.551;-80.261;"guelph"
N1H4K7;43.552;-80.261;"guelph"
N1H4K8;43.552;-80.262;"guelph"
N1H4K9;43.553;-80.263;"guelph"
N1H4L1;43.555;-80.267;"guelph"
N1H4L2;43.556;-80.267;"guelph"
N1H4L3;43.556;-80.268;"guelph"
N1H4L4;43.557;-80.269;"guelph"
N1H4L5;43.533;-80.125;"guelph"
N1H4L6;43.541;-80.25;"guelph"
N1H4L7;43.541;-80.25;"guelph"
N1H4L8;43.54;-80.249;"guelph"
N1H4L9;43.54;-80.249;"guelph"
N1H4M1;43.54;-80.248;"guelph"
N1H4M2;43.542;-80.25;"guelph"
N1H4M3;43.542;-80.25;"guelph"
N1H4M4;43.54;-80.247;"guelph"
N1H4M5;43.54;-80.246;"guelph"
N1H4M6;43.539;-80.246;"guelph"
N1H4M7;43.541;-80.251;"guelph"
N1H4M8;43.542;-80.252;"guelph"
N1H4M9;43.541;-80.25;"guelph"
N1H4N1;43.543;-80.251;"guelph"
N1H4N2;43.544;-80.254;"guelph"
N1H4N3;43.544;-80.254;"guelph"
N1H4N4;43.545;-80.254;"guelph"
N1H4N5;43.545;-80.254;"guelph"
N1H4N6;43.545;-80.255;"guelph"
N1H4N7;43.546;-80.255;"guelph"
N1H4N8;43.546;-80.256;"guelph"
N1H4N9;43.546;-80.256;"guelph"
N1H4P1;43.547;-80.256;"guelph"
N1H4P2;43.547;-80.257;"guelph"
N1H4P3;43.547;-80.257;"guelph"
N1H4P4;43.548;-80.258;"guelph"
N1H4P5;43.548;-80.258;"guelph"
N1H4P6;43.549;-80.259;"guelph"
N1H4P7;43.549;-80.259;"guelph"
N1H4P8;43.549;-80.259;"guelph"
N1H4P9;43.549;-80.26;"guelph"
N1H4R1;43.55;-80.262;"guelph"
N1H4R2;43.551;-80.262;"guelph"
N1H4R3;43.551;-80.263;"guelph"
N1H4R4;43.552;-80.264;"guelph"
N1H4R5;43.553;-80.266;"guelph"
N1H4R6;43.553;-80.266;"guelph"
N1H4R7;43.554;-80.267;"guelph"
N1H4R8;43.555;-80.268;"guelph"
N1H4R9;43.555;-80.269;"guelph"
N1H4S1;43.556;-80.27;"guelph"
N1H4S2;43.556;-80.269;"guelph"
N1H4S3;43.556;-80.269;"guelph"
N1H4S4;43.556;-80.27;"guelph"
N1H4S5;43.547;-80.259;"guelph"
N1H4S6;43.547;-80.258;"guelph"
N1H4S7;43.554;-80.268;"guelph"
N1H4S8;43.553;-80.268;"guelph"
N1H4S9;43.557;-80.274;"guelph"
N1H4T1;43.557;-80.273;"guelph"
N1H4T2;43.557;-80.276;"guelph"
N1H4T3;43.557;-80.275;"guelph"
N1H4T4;43.54;-80.253;"guelph"
N1H4T5;43.54;-80.253;"guelph"
N1H4T6;43.534;-80.251;"guelph"
N1H4T7;43.539;-80.252;"guelph"
N1H4T8;43.54;-80.252;"guelph"
N1H4T9;43.541;-80.253;"guelph"
N1H4V1;43.54;-80.251;"guelph"
N1H4V2;43.538;-80.249;"guelph"
N1H4V3;43.541;-80.253;"guelph"
N1H4V4;43.541;-80.253;"guelph"
N1H4V5;43.54;-80.253;"guelph"
N1H4V6;43.541;-80.254;"guelph"
N1H4V7;43.54;-80.252;"guelph"
N1H4V8;43.542;-80.254;"guelph"
N1H4V9;43.542;-80.255;"guelph"
N1H4W1;43.543;-80.255;"guelph"
N1H4W2;43.543;-80.256;"guelph"
N1H4W3;43.544;-80.257;"guelph"
N1H4W4;43.544;-80.256;"guelph"
N1H4W5;43.544;-80.256;"guelph"
N1H4W6;43.544;-80.257;"guelph"
N1H4W7;43.545;-80.258;"guelph"
N1H4W8;43.545;-80.258;"guelph"
N1H4W9;43.546;-80.258;"guelph"
N1H4X1;43.547;-80.259;"guelph"
N1H4X2;43.547;-80.26;"guelph"
N1H4X3;43.539;-80.252;"guelph"
N1H4X4;43.538;-80.251;"guelph"
N1H4X5;43.538;-80.25;"guelph"
N1H4X6;43.538;-80.25;"guelph"
N1H4X7;43.545;-80.259;"guelph"
N1H4X8;43.546;-80.259;"guelph"
N1H4X9;43.546;-80.26;"guelph"
N1H4Y1;43.547;-80.261;"guelph"
N1H4Y2;43.548;-80.262;"guelph"
N1H4Y3;43.549;-80.264;"guelph"
N1H4Y4;43.551;-80.266;"guelph"
N1H4Y5;43.553;-80.269;"guelph"
N1H4Y6;43.552;-80.268;"guelph"
N1H4Y7;43.554;-80.27;"guelph"
N1H4Y8;43.554;-80.27;"guelph"
N1H4Y9;43.555;-80.272;"guelph"
N1H4Z1;43.555;-80.271;"guelph"
N1H4Z2;43.555;-80.272;"guelph"
N1H4Z3;43.556;-80.272;"guelph"
N1H4Z4;43.556;-80.273;"guelph"
N1H4Z5;43.557;-80.274;"guelph"
N1H4Z6;43.537;-80.251;"guelph"
N1H4Z7;43.539;-80.255;"guelph"
N1H4Z8;43.54;-80.255;"guelph"
N1H4Z9;43.538;-80.255;"guelph"
N1H5A1;43.54;-80.255;"guelph"
N1H5A2;43.54;-80.255;"guelph"
N1H5A3;43.541;-80.257;"guelph"
N1H5A4;43.538;-80.253;"guelph"
N1H5A5;43.54;-80.255;"guelph"
N1H5A6;43.539;-80.255;"guelph"
N1H5A7;43.54;-80.256;"guelph"
N1H5A8;43.54;-80.256;"guelph"
N1H5A9;43.541;-80.256;"guelph"
N1H5B1;43.54;-80.256;"guelph"
N1H5B2;43.541;-80.257;"guelph"
N1H5B3;43.541;-80.257;"guelph"
N1H5B4;43.542;-80.258;"guelph"
N1H5B5;43.542;-80.258;"guelph"
N1H5B6;43.543;-80.258;"guelph"
N1H5B7;43.544;-80.259;"guelph"
N1H5B8;43.544;-80.26;"guelph"
N1H5B9;43.544;-80.26;"guelph"
N1H5C1;43.552;-80.258;"guelph"
N1H5C2;43.545;-80.26;"guelph"
N1H5C3;43.546;-80.261;"guelph"
N1H5C4;43.546;-80.261;"guelph"
N1H5C5;43.547;-80.262;"guelph"
N1H5C6;43.547;-80.263;"guelph"
N1H5C7;43.548;-80.264;"guelph"
N1H5C8;43.548;-80.264;"guelph"
N1H5C9;43.55;-80.268;"guelph"
N1H5E1;43.551;-80.268;"guelph"
N1H5E2;43.552;-80.27;"guelph"
N1H5E3;43.552;-80.27;"guelph"
N1H5E4;43.553;-80.271;"guelph"
N1H5E5;43.553;-80.272;"guelph"
N1H5E6;43.546;-80.264;"guelph"
N1H5E7;43.546;-80.264;"guelph"
N1H5E8;43.556;-80.277;"guelph"
N1H5E9;43.556;-80.277;"guelph"
N1H5G1;43.557;-80.278;"guelph"
N1H5G2;43.558;-80.279;"guelph"
N1H5G3;43.54;-80.258;"guelph"
N1H5G4;43.54;-80.258;"guelph"
N1H5G5;43.541;-80.259;"guelph"
N1H5G6;43.542;-80.259;"guelph"
N1H5G7;43.542;-80.26;"guelph"
N1H5G8;43.543;-80.261;"guelph"
N1H5G9;43.543;-80.261;"guelph"
N1H5H1;43.543;-80.261;"guelph"
N1H5H2;43.546;-80.265;"guelph"
N1H5H3;43.529;-80.237;"guelph"
N1H5H4;43.547;-80.265;"guelph"
N1H5H5;43.547;-80.266;"guelph"
N1H5H6;43.548;-80.267;"guelph"
N1H5H7;43.549;-80.268;"guelph"
N1H5H8;43.544;-80.276;"guelph"
N1H5H9;43.549;-80.268;"guelph"
N1H5J1;43.55;-80.269;"guelph"
N1H5J2;43.551;-80.271;"guelph"
N1H5J3;43.552;-80.273;"guelph"
N1H5J4;43.552;-80.273;"guelph"
N1H5J5;43.553;-80.274;"guelph"
N1H5J6;43.545;-80.263;"guelph"
N1H5J7;43.539;-80.258;"guelph"
N1H5J8;43.539;-80.258;"guelph"
N1H5J9;43.54;-80.259;"guelph"
N1H5K1;43.54;-80.259;"guelph"
N1H5K2;43.54;-80.259;"guelph"
N1H5K3;43.54;-80.259;"guelph"
N1H5K4;43.541;-80.259;"guelph"
N1H5K5;43.539;-80.258;"guelph"
N1H5K6;43.538;-80.256;"guelph"
N1H5K7;43.538;-80.256;"guelph"
N1H5K8;43.537;-80.255;"guelph"
N1H5K9;43.536;-80.254;"guelph"
N1H5L1;43.537;-80.255;"guelph"
N1H5L2;43.546;-80.265;"guelph"
N1H5L3;43.545;-80.264;"guelph"
N1H5L4;43.547;-80.266;"guelph"
N1H5L5;43.547;-80.266;"guelph"
N1H5L6;43.547;-80.266;"guelph"
N1H5L7;43.555;-80.278;"guelph"
N1H5L8;43.555;-80.278;"guelph"
N1H5L9;43.545;-80.265;"guelph"
N1H5M1;43.545;-80.265;"guelph"
N1H5M2;43.552;-80.275;"guelph"
N1H5M3;43.552;-80.275;"guelph"
N1H5M4;43.553;-80.277;"guelph"
N1H5M5;43.553;-80.276;"guelph"
N1H5M6;43.555;-80.278;"guelph"
N1H5M7;43.555;-80.278;"guelph"
N1H5M8;43.556;-80.279;"guelph"
N1H5M9;43.557;-80.278;"guelph"
N1H5N1;43.554;-80.28;"guelph"
N1H5N2;43.554;-80.28;"guelph"
N1H5N3;43.54;-80.26;"guelph"
N1H5N4;43.54;-80.26;"guelph"
N1H5N5;43.551;-80.276;"guelph"
N1H5N6;43.554;-80.28;"guelph"
N1H5N7;43.535;-80.255;"guelph"
N1H5N8;43.535;-80.255;"guelph"
N1H5N9;43.537;-80.257;"guelph"
N1H5P1;43.535;-80.255;"guelph"
N1H5P2;43.536;-80.255;"guelph"
N1H5P3;43.536;-80.255;"guelph"
N1H5P4;43.536;-80.255;"guelph"
N1H5P5;43.539;-80.259;"guelph"
N1H5P7;43.535;-80.255;"guelph"
N1H5P8;43.538;-80.258;"guelph"
N1H5P9;43.539;-80.259;"guelph"
N1H5R0;43.542;-80.262;"guelph"
N1H5R1;43.54;-80.261;"guelph"
N1H5R2;43.541;-80.263;"guelph"
N1H5R3;43.54;-80.262;"guelph"
N1H5R4;43.541;-80.263;"guelph"
N1H5R5;43.539;-80.26;"guelph"
N1H5R6;43.543;-80.266;"guelph"
N1H5R7;43.542;-80.264;"guelph"
N1H5R8;43.542;-80.264;"guelph"
N1H5R9;43.542;-80.265;"guelph"
N1H5S1;43.543;-80.266;"guelph"
N1H5S2;43.546;-80.27;"guelph"
N1H5S3;43.556;-80.284;"guelph"
N1H5S4;43.536;-80.259;"guelph"
N1H5S5;43.536;-80.259;"guelph"
N1H5S6;43.536;-80.258;"guelph"
N1H5S7;43.536;-80.258;"guelph"
N1H5S8;43.535;-80.257;"guelph"
N1H5S9;43.54;-80.265;"guelph"
N1H5T1;43.54;-80.266;"guelph"
N1H5T2;43.54;-80.266;"guelph"
N1H5T3;43.541;-80.266;"guelph"
N1H5T4;43.541;-80.266;"guelph"
N1H5T5;43.542;-80.267;"guelph"
N1H5T6;43.542;-80.268;"guelph"
N1H5T7;43.543;-80.269;"guelph"
N1H5T8;43.543;-80.27;"guelph"
N1H5T9;43.544;-80.271;"guelph"
N1H5V1;43.545;-80.273;"guelph"
N1H5V2;43.546;-80.275;"guelph"
N1H5V3;43.546;-80.274;"guelph"
N1H5V4;43.536;-80.261;"guelph"
N1H5V5;43.536;-80.261;"guelph"
N1H5V6;43.534;-80.259;"guelph"
N1H5V7;43.535;-80.26;"guelph"
N1H5V8;43.534;-80.258;"guelph"
N1H5V9;43.541;-80.269;"guelph"
N1H5W1;43.542;-80.27;"guelph"
N1H5W2;43.543;-80.273;"guelph"
N1H5W3;43.543;-80.273;"guelph"
N1H5W4;43.535;-80.262;"guelph"
N1H5W5;43.536;-80.263;"guelph"
N1H5W6;43.535;-80.262;"guelph"
N1H5W7;43.535;-80.262;"guelph"
N1H5W8;43.534;-80.26;"guelph"
N1H5W9;43.534;-80.259;"guelph"
N1H5X1;43.537;-80.264;"guelph"
N1H5X2;43.536;-80.263;"guelph"
N1H5X3;43.538;-80.266;"guelph"
N1H5X4;43.539;-80.267;"guelph"
N1H5X5;43.541;-80.27;"guelph"
N1H5X6;43.539;-80.268;"guelph"
N1H5X7;43.54;-80.268;"guelph"
N1H5X8;43.54;-80.269;"guelph"
N1H5X9;43.541;-80.27;"guelph"
N1H5Y1;43.543;-80.272;"guelph"
N1H5Y2;43.543;-80.272;"guelph"
N1H5Y3;43.535;-80.263;"guelph"
N1H5Y4;43.535;-80.263;"guelph"
N1H5Y5;43.534;-80.261;"guelph"
N1H5Y6;43.534;-80.261;"guelph"
N1H5Y7;43.538;-80.267;"guelph"
N1H5Y8;43.541;-80.271;"guelph"
N1H5Y9;43.54;-80.27;"guelph"
N1H5Z1;43.542;-80.272;"guelph"
N1H5Z2;43.542;-80.273;"guelph"
N1H5Z3;43.543;-80.274;"guelph"
N1H5Z4;43.532;-80.259;"guelph"
N1H5Z5;43.532;-80.259;"guelph"
N1H5Z6;43.533;-80.261;"guelph"
N1H5Z7;43.533;-80.261;"guelph"
N1H5Z8;43.539;-80.27;"guelph"
N1H5Z9;43.539;-80.27;"guelph"
N1H6A1;43.541;-80.273;"guelph"
N1H6A2;43.542;-80.273;"guelph"
N1H6A3;43.536;-80.267;"guelph"
N1H6A4;43.536;-80.267;"guelph"
N1H6A5;43.538;-80.27;"guelph"
N1H6A6;43.538;-80.27;"guelph"
N1H6A7;43.54;-80.272;"guelph"
N1H6A8;43.541;-80.273;"guelph"
N1H6A9;43.542;-80.274;"guelph"
N1H6B1;43.533;-80.278;"guelph"
N1H6B2;43.526;-80.279;"guelph"
N1H6B3;43.535;-80.28;"guelph"
N1H6B4;43.526;-80.279;"guelph"
N1H6B5;43.526;-80.278;"guelph"
N1H6B6;43.536;-80.28;"guelph"
N1H6B7;43.543;-80.281;"guelph"
N1H6B8;43.541;-80.278;"guelph"
N1H6B9;43.536;-80.268;"guelph"
N1H6C1;43.536;-80.268;"guelph"
N1H6C2;43.535;-80.269;"guelph"
N1H6C3;43.538;-80.271;"guelph"
N1H6C4;43.537;-80.27;"guelph"
N1H6C5;43.539;-80.273;"guelph"
N1H6C6;43.54;-80.274;"guelph"
N1H6C7;43.544;-80.28;"guelph"
N1H6C8;43.545;-80.281;"guelph"
N1H6C9;43.536;-80.269;"guelph"
N1H6E1;43.536;-80.269;"guelph"
N1H6E2;43.543;-80.28;"guelph"
N1H6E3;43.543;-80.28;"guelph"
N1H6E4;43.538;-80.274;"guelph"
N1H6E5;43.539;-80.276;"guelph"
N1H6E6;43.53;-80.262;"guelph"
N1H6E7;43.531;-80.263;"guelph"
N1H6E8;43.531;-80.263;"guelph"
N1H6E9;43.537;-80.273;"guelph"
N1H6G1;43.536;-80.272;"guelph"
N1H6G2;43.536;-80.272;"guelph"
N1H6G3;43.538;-80.274;"guelph"
N1H6G4;43.539;-80.275;"guelph"
N1H6G5;43.539;-80.276;"guelph"
N1H6G6;43.534;-80.27;"guelph"
N1H6G7;43.534;-80.271;"guelph"
N1H6G8;43.535;-80.272;"guelph"
N1H6G9;43.536;-80.273;"guelph"
N1H6H1;43.534;-80.278;"guelph"
N1H6H2;43.534;-80.281;"guelph"
N1H6H3;43.53;-80.282;"guelph"
N1H6H4;43.535;-80.283;"guelph"
N1H6H5;43.535;-80.285;"guelph"
N1H6H6;43.534;-80.28;"guelph"
N1H6H7;43.603;-80.228;"guelph"
N1H6H8;43.549;-80.205;"guelph"
N1H6H9;43.465;-80.137;"puslinch"
N1H6J1;43.6;-80.256;"guelph"
N1H6J2;43.586;-80.299;"guelph"
N1H6J3;43.489;-80.256;"guelph"
N1H6J4;43.523;-80.316;"guelph"
N1H6J5;43.544;-80.247;"guelph"
N1H6J6;43.58;-80.287;"guelph"
N1H6J7;43.544;-80.247;"guelph"
N1H6J8;43.464;-80.248;"guelph"
N1H6J9;43.58;-80.291;"guelph"
N1H6K1;43.544;-80.247;"guelph"
N1H6K2;43.621;-80.147;"rockwood"
N1H6K5;43.544;-80.247;"guelph"
N1H6K6;43.54;-80.276;"guelph"
N1H6K8;43.544;-80.247;"guelph"
N1H6K9;43.551;-80.24;"guelph"
N1H6L1;43.544;-80.247;"guelph"
N1H6L2;43.544;-80.247;"guelph"
N1H6L3;43.565;-80.332;"guelph"
N1H6L4;43.556;-80.284;"guelph"
N1H6L5;43.544;-80.247;"guelph"
N1H6L6;43.544;-80.247;"guelph"
N1H6L7;43.544;-80.247;"guelph"
N1H6L8;43.568;-80.289;"guelph"
N1H6L9;43.544;-80.247;"guelph"
N1H6M1;43.544;-80.25;"guelph"
N1H6M2;43.544;-80.247;"guelph"
N1H6M3;43.544;-80.247;"guelph"
N1H6M4;43.544;-80.247;"guelph"
N1H6M5;43.544;-80.247;"guelph"
N1H6M6;43.544;-80.247;"guelph"
N1H6M7;43.544;-80.247;"guelph"
N1H6M8;43.544;-80.247;"guelph"
N1H6M9;43.544;-80.247;"guelph"
N1H6N0;43.543;-80.271;"guelph"
N1H6N1;43.544;-80.247;"guelph"
N1H6N2;43.544;-80.247;"guelph"
N1H6N3;43.544;-80.247;"guelph"
N1H6N4;43.544;-80.247;"guelph"
N1H6N5;43.544;-80.247;"guelph"
N1H6N6;43.544;-80.247;"guelph"
N1H6N7;43.493;-80.209;"guelph"
N1H6N8;43.592;-80.205;"guelph"
N1H6N9;43.544;-80.247;"guelph"
N1H6P1;43.544;-80.247;"guelph"
N1H6P2;43.544;-80.288;"guelph"
N1H6P3;43.558;-80.216;"guelph"
N1H6P4;43.54;-80.276;"guelph"
N1H6P6;43.544;-80.247;"guelph"
N1H6P7;43.544;-80.247;"guelph"
N1H6P8;43.547;-80.244;"guelph"
N1H6P9;43.544;-80.247;"guelph"
N1H6R1;43.54;-80.276;"guelph"
N1H6R3;43.543;-80.282;"guelph"
N1H6R4;43.535;-80.285;"guelph"
N1H6R5;43.54;-80.279;"guelph"
N1H6R6;43.54;-80.279;"guelph"
N1H6R7;43.544;-80.247;"guelph"
N1H6R8;43.544;-80.247;"guelph"
N1H6R9;43.535;-80.283;"guelph"
N1H6S1;43.543;-80.281;"guelph"
N1H6S2;43.536;-80.285;"guelph"
N1H6S3;43.526;-80.28;"guelph"
N1H6S4;43.537;-80.276;"guelph"
N1H6S5;43.538;-80.282;"guelph"
N1H6S6;43.537;-80.287;"guelph"
N1H6S7;43.537;-80.287;"guelph"
N1H6S8;43.537;-80.285;"guelph"
N1H6S9;43.537;-80.285;"guelph"
N1H6T1;43.537;-80.283;"guelph"
N1H6T2;43.537;-80.285;"guelph"
N1H6T3;43.538;-80.285;"guelph"
N1H6T4;43.538;-80.286;"guelph"
N1H6T5;43.538;-80.286;"guelph"
N1H6T6;43.538;-80.289;"guelph"
N1H6T7;43.538;-80.284;"guelph"
N1H6T8;43.538;-80.284;"guelph"
N1H6T9;43.538;-80.298;"guelph"
N1H6V1;43.538;-80.286;"guelph"
N1H6V2;43.538;-80.286;"guelph"
N1H6V3;43.539;-80.286;"guelph"
N1H6V4;43.539;-80.287;"guelph"
N1H6V5;43.539;-80.287;"guelph"
N1H6V6;43.539;-80.285;"guelph"
N1H6V7;43.558;-80.28;"guelph"
N1H6V8;43.557;-80.281;"guelph"
N1H6V9;43.557;-80.281;"guelph"
N1H6W1;43.557;-80.28;"guelph"
N1H6W2;43.557;-80.281;"guelph"
N1H6W3;43.517;-80.277;"guelph"
N1H6W4;43.517;-80.277;"guelph"
N1H6W5;43.515;-80.276;"guelph"
N1H6W6;43.517;-80.276;"guelph"
N1H6W7;43.516;-80.273;"guelph"
N1H6W8;43.516;-80.273;"guelph"
N1H6W9;43.517;-80.274;"guelph"
N1H6X1;43.517;-80.276;"guelph"
N1H6X2;43.519;-80.273;"guelph"
N1H6X3;43.517;-80.273;"guelph"
N1H6X4;43.517;-80.274;"guelph"
N1H6X5;43.518;-80.273;"guelph"
N1H6X6;43.516;-80.277;"guelph"
N1H6X7;43.516;-80.277;"guelph"
N1H6X8;43.517;-80.276;"guelph"
N1H6X9;43.516;-80.272;"guelph"
N1H6Y1;43.515;-80.274;"guelph"
N1H6Y2;43.516;-80.272;"guelph"
N1H6Y3;43.515;-80.273;"guelph"
N1H6Y4;43.562;-80.264;"guelph"
N1H6Y5;43.534;-80.28;"guelph"
N1H6Y6;43.54;-80.265;"guelph"
N1H6Y7;43.532;-80.281;"guelph"
N1H6Y8;43.532;-80.284;"guelph"
N1H6Y9;43.536;-80.282;"guelph"
N1H6Z1;43.518;-80.277;"guelph"
N1H6Z2;43.518;-80.278;"guelph"
N1H6Z3;43.517;-80.279;"guelph"
N1H6Z4;43.518;-80.278;"guelph"
N1H6Z5;43.518;-80.278;"guelph"
N1H6Z6;43.537;-80.283;"guelph"
N1H6Z7;43.544;-80.246;"guelph"
N1H6Z8;43.53;-80.262;"guelph"
N1H6Z9;43.544;-80.247;"guelph"
N1H7A1;43.544;-80.247;"guelph"
N1H7A2;43.544;-80.247;"guelph"
N1H7A3;43.518;-80.277;"guelph"
N1H7A4;43.534;-80.28;"guelph"
N1H7A6;43.515;-80.279;"guelph"
N1H7A7;43.514;-80.278;"guelph"
N1H7A8;43.514;-80.279;"guelph"
N1H7A9;43.539;-80.284;"guelph"
N1H7B1;43.566;-80.276;"guelph"
N1H7B2;43.538;-80.283;"guelph"
N1H7B3;43.515;-80.28;"guelph"
N1H7B4;43.538;-80.277;"guelph"
N1H7B5;43.545;-80.271;"guelph"
N1H7B6;43.542;-80.276;"guelph"
N1H7B7;43.517;-80.279;"guelph"
N1H7B8;43.539;-80.285;"guelph"
N1H7B9;43.517;-80.28;"guelph"
N1H7C1;43.516;-80.28;"guelph"
N1H7C2;43.513;-80.278;"guelph"
N1H7C3;43.558;-80.28;"guelph"
N1H7C5;43.514;-80.277;"guelph"
N1H7C6;43.54;-80.278;"guelph"
N1H7C7;43.535;-80.286;"guelph"
N1H7C8;43.532;-80.288;"guelph"
N1H7C9;43.531;-80.288;"guelph"
N1H7E1;43.531;-80.288;"guelph"
N1H7E2;43.516;-80.281;"guelph"
N1H7E3;43.516;-80.281;"guelph"
N1H7E4;43.515;-80.273;"guelph"
N1H7E5;43.54;-80.285;"guelph"
N1H7E6;43.54;-80.286;"guelph"
N1H7E7;43.531;-80.288;"guelph"
N1H7E8;43.531;-80.288;"guelph"
N1H7E9;43.537;-80.276;"guelph"
N1H7G0;43.545;-80.301;"guelph"
N1H7G1;43.533;-80.287;"guelph"
N1H7G2;43.534;-80.288;"guelph"
N1H7G3;43.539;-80.281;"guelph"
N1H7G4;43.533;-80.288;"guelph"
N1H7G5;43.559;-80.269;"guelph"
N1H7G6;43.565;-80.277;"guelph"
N1H7G7;43.54;-80.294;"guelph"
N1H7G8;43.533;-80.287;"guelph"
N1H7G9;43.534;-80.289;"guelph"
N1H7H1;43.544;-80.247;"guelph"
N1H7H2;43.536;-80.284;"guelph"
N1H7H3;43.532;-80.289;"guelph"
N1H7H4;43.534;-80.289;"guelph"
N1H7H5;43.534;-80.289;"guelph"
N1H7H6;43.535;-80.274;"guelph"
N1H7H7;43.53;-80.286;"guelph"
N1H7H8;43.533;-80.259;"guelph"
N1H7H9;43.53;-80.262;"guelph"
N1H7J1;43.538;-80.258;"guelph"
N1H7J2;43.533;-80.274;"guelph"
N1H7J3;43.513;-80.276;"guelph"
N1H7J4;43.537;-80.276;"guelph"
N1H7J5;43.543;-80.245;"guelph"
N1H7J6;43.532;-80.282;"guelph"
N1H7J7;43.534;-80.278;"guelph"
N1H7J8;43.53;-80.292;"guelph"
N1H7J9;43.53;-80.289;"guelph"
N1H7K1;43.54;-80.288;"guelph"
N1H7K2;43.529;-80.289;"guelph"
N1H7K3;43.546;-80.303;"guelph"
N1H7K4;43.543;-80.285;"guelph"
N1H7K5;43.551;-80.296;"guelph"
N1H7K6;43.549;-80.299;"guelph"
N1H7K7;43.551;-80.297;"guelph"
N1H7K8;43.55;-80.299;"guelph"
N1H7K9;43.547;-80.302;"guelph"
N1H7L1;43.538;-80.289;"guelph"
N1H7L2;43.529;-80.289;"guelph"
N1H7L3;43.546;-80.247;"guelph"
N1H7L4;43.544;-80.247;"guelph"
N1H7L5;43.558;-80.28;"guelph"
N1H7L6;43.561;-80.283;"guelph"
N1H7L7;43.539;-80.288;"guelph"
N1H7L8;43.54;-80.287;"guelph"
N1H7L9;43.54;-80.289;"guelph"
N1H7M1;43.546;-80.304;"guelph"
N1H7M2;43.541;-80.302;"guelph"
N1H7M3;43.542;-80.304;"guelph"
N1H7M4;43.546;-80.304;"guelph"
N1H7M5;43.531;-80.29;"guelph"
N1H7M6;43.546;-80.295;"guelph"
N1H7M7;43.544;-80.288;"guelph"
N1H7M8;43.53;-80.286;"guelph"
N1H7M9;43.529;-80.289;"guelph"
N1H7N0;43.514;-80.281;"guelph"
N1H7N1;43.533;-80.291;"guelph"
N1H7N2;43.563;-80.273;"guelph"
N1H7N3;43.533;-80.291;"guelph"
N1H7N4;43.532;-80.291;"guelph"
N1H7N5;43.539;-80.289;"guelph"
N1H7N6;43.537;-80.275;"guelph"
N1H7N7;43.529;-80.287;"guelph"
N1H7N8;43.513;-80.276;"guelph"
N1H7N9;43.521;-80.275;"guelph"
N1H7P1;43.522;-80.274;"guelph"
N1H7P2;43.514;-80.275;"guelph"
N1H7P3;43.54;-80.288;"guelph"
N1H7P4;43.544;-80.247;"guelph"
N1H7P5;43.543;-80.243;"guelph"
N1H7P6;43.529;-80.287;"guelph"
N1H7P7;43.54;-80.281;"guelph"
N1H7P8;43.54;-80.281;"guelph"
N1H7P9;43.535;-80.292;"guelph"
N1H7R1;43.53;-80.287;"guelph"
N1H7R2;43.536;-80.292;"guelph"
N1H7R3;43.547;-80.258;"guelph"
N1H7R4;43.547;-80.253;"guelph"
N1H7R5;43.551;-80.296;"guelph"
N1H7R6;43.533;-80.291;"guelph"
N1H7R7;43.546;-80.245;"guelph"
N1H7R8;43.53;-80.288;"guelph"
N1H7R9;43.541;-80.282;"guelph"
N1H7S1;43.533;-80.286;"guelph"
N1H7S2;43.544;-80.247;"guelph"
N1H7S3;43.537;-80.291;"guelph"
N1H7S4;43.521;-80.273;"guelph"
N1H7S5;43.521;-80.273;"guelph"
N1H7S6;43.551;-80.279;"guelph"
N1H7S7;43.539;-80.289;"guelph"
N1H7S8;43.548;-80.252;"guelph"
N1H7S9;43.519;-80.272;"guelph"
N1H7T1;43.564;-80.271;"guelph"
N1H7T2;43.521;-80.272;"guelph"
N1H7T3;43.539;-80.288;"guelph"
N1H7T4;43.521;-80.274;"guelph"
N1H7T5;43.528;-80.289;"guelph"
N1H7T6;43.528;-80.291;"guelph"
N1H7T7;43.52;-80.272;"guelph"
N1H7T8;43.546;-80.249;"guelph"
N1H7T9;43.54;-80.245;"guelph"
N1H7V1;43.528;-80.289;"guelph"
N1H7V2;43.536;-80.289;"guelph"
N1H7V3;43.535;-80.291;"guelph"
N1H7V4;43.534;-80.293;"guelph"
N1H7V5;43.547;-80.247;"guelph"
N1H7V6;43.549;-80.252;"guelph"
N1H7V7;43.535;-80.291;"guelph"
N1H7V8;43.534;-80.292;"guelph"
N1H7V9;43.533;-80.292;"guelph"
N1H7W1;43.54;-80.276;"guelph"
N1H7W2;43.519;-80.271;"guelph"
N1H7W3;43.519;-80.272;"guelph"
N1H7W4;43.535;-80.293;"guelph"
N1H7W5;43.519;-80.271;"guelph"
N1H7W6;43.521;-80.274;"guelph"
N1H7W7;43.563;-80.28;"guelph"
N1H7W8;43.535;-80.293;"guelph"
N1H7W9;43.535;-80.286;"guelph"
N1H7X1;43.535;-80.29;"guelph"
N1H7X2;43.534;-80.289;"guelph"
N1H7X3;43.535;-80.276;"guelph"
N1H7X4;43.536;-80.294;"guelph"
N1H7X5;43.535;-80.273;"guelph"
N1H7X6;43.534;-80.271;"guelph"
N1H7X7;43.532;-80.28;"guelph"
N1H7X8;43.545;-80.295;"guelph"
N1H7X9;43.534;-80.279;"guelph"
N1H7Y1;43.534;-80.278;"guelph"
N1H7Y2;43.54;-80.276;"guelph"
N1H7Y3;43.532;-80.26;"guelph"
N1H7Y4;43.551;-80.276;"guelph"
N1H7Y5;43.54;-80.28;"guelph"
N1H7Y6;43.554;-80.274;"guelph"
N1H7Y7;43.54;-80.293;"guelph"
N1H7Y9;43.54;-80.293;"guelph"
N1H7Z1;43.536;-80.294;"guelph"
N1H7Z2;43.536;-80.294;"guelph"
N1H7Z3;43.536;-80.294;"guelph"
N1H7Z4;43.534;-80.296;"guelph"
N1H7Z5;43.533;-80.294;"guelph"
N1H7Z6;43.534;-80.295;"guelph"
N1H7Z7;43.531;-80.293;"guelph"
N1H7Z8;43.532;-80.294;"guelph"
N1H7Z9;43.533;-80.294;"guelph"
N1H8A1;43.532;-80.294;"guelph"
N1H8A2;43.531;-80.295;"guelph"
N1H8A3;43.529;-80.293;"guelph"
N1H8A4;43.531;-80.293;"guelph"
N1H8A5;43.53;-80.293;"guelph"
N1H8A6;43.531;-80.295;"guelph"
N1H8A7;43.532;-80.295;"guelph"
N1H8A8;43.532;-80.296;"guelph"
N1H8A9;43.533;-80.297;"guelph"
N1H8B1;43.533;-80.297;"guelph"
N1H8B2;43.536;-80.295;"guelph"
N1H8B3;43.528;-80.289;"guelph"
N1H8B4;43.528;-80.291;"guelph"
N1H8B5;43.531;-80.295;"guelph"
N1H8B6;43.533;-80.297;"guelph"
N1H8B7;43.532;-80.297;"guelph"
N1H8B8;43.533;-80.299;"guelph"
N1H8B9;43.531;-80.296;"guelph"
N1H8C1;43.531;-80.296;"guelph"
N1H8C2;43.531;-80.295;"guelph"
N1H8C3;43.531;-80.296;"guelph"
N1H8C4;43.532;-80.299;"guelph"
N1H8C5;43.533;-80.299;"guelph"
N1H8C6;43.534;-80.298;"guelph"
N1H8C7;43.534;-80.299;"guelph"
N1H8C8;43.514;-80.275;"guelph"
N1H8C9;43.514;-80.274;"guelph"
N1H8E1;43.514;-80.274;"guelph"
N1H8E2;43.55;-80.253;"guelph"
N1H8E3;43.535;-80.274;"guelph"
N1H8E4;43.528;-80.291;"guelph"
N1H8E5;43.528;-80.29;"guelph"
N1H8E6;43.528;-80.291;"guelph"
N1H8E7;43.528;-80.291;"guelph"
N1H8E8;43.54;-80.281;"guelph"
N1H8E9;43.563;-80.272;"guelph"
N1H8G1;43.537;-80.293;"guelph"
N1H8G2;43.537;-80.293;"guelph"
N1H8G3;43.537;-80.293;"guelph"
N1H8G4;43.539;-80.291;"guelph"
N1H8G5;43.539;-80.291;"guelph"
N1H8G6;43.538;-80.287;"guelph"
N1H8G7;43.538;-80.278;"guelph"
N1H8G8;43.55;-80.294;"guelph"
N1H8G9;43.54;-80.291;"guelph"
N1H8H1;43.541;-80.278;"guelph"
N1H8H2;43.54;-80.28;"guelph"
N1H8H3;43.543;-80.29;"guelph"
N1H8H4;43.543;-80.269;"guelph"
N1H8H5;43.543;-80.269;"guelph"
N1H8H6;43.565;-80.275;"guelph"
N1H8H7;43.544;-80.247;"guelph"
N1H8H8;43.544;-80.247;"guelph"
N1H8H9;43.545;-80.301;"guelph"
N1H8J1;43.552;-80.295;"guelph"
N1H8J2;43.531;-80.302;"guelph"
N1H8J3;43.532;-80.258;"guelph"
N1H8J4;43.544;-80.247;"guelph"
N1H8J5;43.544;-80.247;"guelph"
N1H8J6;43.535;-80.287;"guelph"
N1H8J7;43.544;-80.247;"guelph"
N1H8J8;43.53;-80.304;"guelph"
N1H8J9;43.533;-80.292;"guelph"
N1H8K1;43.542;-80.249;"guelph"
N1H8K2;43.528;-80.295;"guelph"
N1H8K3;43.528;-80.298;"guelph"
N1H8K4;43.528;-80.299;"guelph"
N1H8K5;43.53;-80.298;"guelph"
N1H8K6;43.53;-80.3;"guelph"
N1H8K7;43.532;-80.26;"guelph"
N1H8K8;43.547;-80.284;"guelph"
N1H8K9;43.545;-80.247;"guelph"
N1H8L1;43.546;-80.245;"guelph"
N1H8L2;43.552;-80.26;"guelph"
N1H8L3;43.514;-80.275;"guelph"
N1H8L4;43.514;-80.275;"guelph"
N1H8L5;43.536;-80.263;"guelph"
N1H8L6;43.538;-80.278;"guelph"
N1H8L7;43.541;-80.292;"guelph"
N1H8L8;43.53;-80.223;"guelph"
N1H8L9;43.522;-80.268;"guelph"
N1H8M1;43.536;-80.275;"guelph"
N1H8M3;43.528;-80.295;"guelph"
N1H8M4;43.548;-80.249;"guelph"
N1H8M5;43.548;-80.25;"guelph"
N1H8M6;43.56;-80.271;"guelph"
N1H8M7;43.551;-80.295;"guelph"
N1H8M8;43.563;-80.28;"guelph"
N1H8M9;43.557;-80.275;"guelph"
N1H8N1;43.557;-80.273;"guelph"
N1H8N2;43.558;-80.275;"guelph"
N1H8N3;43.558;-80.272;"guelph"
N1H8N4;43.558;-80.275;"guelph"
N1H8N5;43.545;-80.263;"guelph"
N1H8N6;43.536;-80.296;"guelph"
N1H8N7;43.535;-80.296;"guelph"
N1H8N8;43.548;-80.26;"guelph"
N1H8N9;43.547;-80.251;"guelph"
N1H8P1;43.555;-80.286;"guelph"
N1H8P2;43.548;-80.251;"guelph"
N1H8P3;43.535;-80.296;"guelph"
N1H8P4;43.554;-80.292;"guelph"
N1H8P5;43.604;-80.259;"guelph"
N1H8R1;43.554;-80.288;"guelph"
N1J1N3;49.688;-112.842;"lethbridge"
N1J1P2;43.747;-79.248;"scarborough"
N1J7J7;43.568;-80.219;"guelph"
N1K0A1;43.554;-80.297;"guelph"
N1K0A2;43.529;-80.28;"guelph"
N1K0A3;43.535;-80.246;"guelph"
N1K0A4;43.535;-80.246;"guelph"
N1K0A6;43.544;-80.332;"guelph"
N1K0A7;43.524;-80.286;"guelph"
N1K0A9;43.544;-80.332;"guelph"
N1K0B5;43.523;-80.285;"guelph"
N1K1A1;43.515;-80.283;"guelph"
N1K1A2;43.514;-80.281;"guelph"
N1K1A3;43.53;-80.278;"guelph"
N1K1A4;43.531;-80.276;"guelph"
N1K1A5;43.536;-80.317;"guelph"
N1K1A6;43.559;-80.286;"guelph"
N1K1A7;43.536;-80.323;"guelph"
N1K1A8;43.538;-80.32;"guelph"
N1K1A9;43.536;-80.322;"guelph"
N1K1B1;43.54;-80.317;"guelph"
N1K1B2;43.538;-80.305;"guelph"
N1K1B3;43.532;-80.314;"guelph"
N1K1B4;43.535;-80.309;"guelph"
N1K1B5;43.549;-80.3;"guelph"
N1K1B6;43.551;-80.303;"guelph"
N1K1B7;43.535;-80.319;"guelph"
N1K1B8;43.537;-80.316;"guelph"
N1K1B9;43.552;-80.305;"guelph"
N1K1C1;43.552;-80.304;"guelph"
N1K1C2;43.523;-80.289;"guelph"
N1K1C3;43.534;-80.309;"guelph"
N1K1C4;43.534;-80.311;"guelph"
N1K1C5;43.538;-80.314;"guelph"
N1K1C6;43.532;-80.316;"guelph"
N1K1C7;43.533;-80.322;"guelph"
N1K1C8;43.531;-80.315;"guelph"
N1K1C9;43.533;-80.321;"guelph"
N1K1E1;43.551;-80.303;"guelph"
N1K1E2;43.552;-80.305;"guelph"
N1K1E3;43.527;-80.309;"guelph"
N1K1E4;43.536;-80.322;"guelph"
N1K1E5;43.535;-80.301;"guelph"
N1K1E6;43.534;-80.301;"guelph"
N1K1E7;43.516;-80.283;"guelph"
N1K1E8;43.536;-80.321;"guelph"
N1K1E9;43.541;-80.311;"guelph"
N1K1G1;43.512;-80.278;"guelph"
N1K1G2;43.533;-80.322;"guelph"
N1K1G3;43.53;-80.317;"guelph"
N1K1G4;43.54;-80.312;"guelph"
N1K1G5;43.514;-80.277;"guelph"
N1K1G6;43.521;-80.277;"guelph"
N1K1G7;43.52;-80.278;"guelph"
N1K1G8;43.521;-80.271;"guelph"
N1K1G9;43.522;-80.275;"guelph"
N1K1H1;43.522;-80.275;"guelph"
N1K1H2;43.526;-80.282;"guelph"
N1K1H3;43.533;-80.306;"guelph"
N1K1H4;43.538;-80.293;"guelph"
N1K1H5;43.532;-80.318;"guelph"
N1K1H6;43.522;-80.274;"guelph"
N1K1H7;43.522;-80.277;"guelph"
N1K1H8;43.532;-80.309;"guelph"
N1K1H9;43.518;-80.28;"guelph"
N1K1J1;43.54;-80.318;"guelph"
N1K1J3;43.516;-80.283;"guelph"
N1K1J4;43.517;-80.282;"guelph"
N1K1J5;43.517;-80.284;"guelph"
N1K1J6;43.516;-80.284;"guelph"
N1K1J7;43.517;-80.283;"guelph"
N1K1J8;43.517;-80.284;"guelph"
N1K1J9;43.53;-80.286;"guelph"
N1K1K1;43.517;-80.262;"guelph"
N1K1K2;43.537;-80.297;"guelph"
N1K1K3;43.537;-80.297;"guelph"
N1K1K4;43.522;-80.274;"guelph"
N1K1K5;43.521;-80.277;"guelph"
N1K1K6;43.522;-80.277;"guelph"
N1K1K7;43.521;-80.276;"guelph"
N1K1K8;43.52;-80.277;"guelph"
N1K1K9;43.519;-80.278;"guelph"
N1K1L1;43.519;-80.279;"guelph"
N1K1L2;43.518;-80.28;"guelph"
N1K1L3;43.532;-80.289;"guelph"
N1K1L4;43.531;-80.287;"guelph"
N1K1L5;43.522;-80.276;"guelph"
N1K1L6;43.518;-80.286;"guelph"
N1K1L7;43.537;-80.297;"guelph"
N1K1L8;43.529;-80.284;"guelph"
N1K1L9;43.533;-80.292;"guelph"
N1K1M1;43.53;-80.286;"guelph"
N1K1M2;43.537;-80.297;"guelph"
N1K1M3;43.529;-80.287;"guelph"
N1K1M4;43.533;-80.292;"guelph"
N1K1M5;43.516;-80.285;"guelph"
N1K1M6;43.516;-80.285;"guelph"
N1K1M7;43.514;-80.281;"guelph"
N1K1M8;43.514;-80.282;"guelph"
N1K1M9;43.513;-80.28;"guelph"
N1K1N1;43.513;-80.281;"guelph"
N1K1N2;43.512;-80.28;"guelph"
N1K1N3;43.512;-80.28;"guelph"
N1K1N4;43.549;-80.306;"guelph"
N1K1N5;43.551;-80.304;"guelph"
N1K1N6;43.514;-80.281;"guelph"
N1K1N7;43.512;-80.278;"guelph"
N1K1N8;43.515;-80.282;"guelph"
N1K1N9;43.524;-80.283;"guelph"
N1K1P1;43.523;-80.284;"guelph"
N1K1P2;43.522;-80.281;"guelph"
N1K1P3;43.521;-80.278;"guelph"
N1K1P4;43.524;-80.273;"guelph"
N1K1P5;43.523;-80.273;"guelph"
N1K1P6;43.523;-80.272;"guelph"
N1K1P7;43.52;-80.285;"guelph"
N1K1P8;43.519;-80.284;"guelph"
N1K1P9;43.519;-80.283;"guelph"
N1K1R1;43.52;-80.284;"guelph"
N1K1R2;43.521;-80.287;"guelph"
N1K1R3;43.523;-80.285;"guelph"
N1K1R4;43.52;-80.279;"guelph"
N1K1R5;43.52;-80.281;"guelph"
N1K1R6;43.519;-80.28;"guelph"
N1K1R7;43.522;-80.284;"guelph"
N1K1R8;43.522;-80.284;"guelph"
N1K1R9;43.521;-80.282;"guelph"
N1K1S1;43.52;-80.283;"guelph"
N1K1S2;43.549;-80.306;"guelph"
N1K1S3;43.549;-80.307;"guelph"
N1K1S4;43.55;-80.308;"guelph"
N1K1S5;43.533;-80.307;"guelph"
N1K1S6;43.555;-80.294;"guelph"
N1K1S7;43.551;-80.296;"guelph"
N1K1S8;43.556;-80.296;"guelph"
N1K1S9;43.551;-80.305;"guelph"
N1K1T0;43.527;-80.275;"guelph"
N1K1T1;43.522;-80.277;"guelph"
N1K1T2;43.534;-80.32;"guelph"
N1K1T3;43.555;-80.297;"guelph"
N1K1T4;43.558;-80.298;"guelph"
N1K1T5;43.527;-80.276;"guelph"
N1K1T6;43.528;-80.277;"guelph"
N1K1T7;43.528;-80.277;"guelph"
N1K1T8;43.526;-80.274;"guelph"
N1K1T9;43.526;-80.279;"guelph"
N1K1V1;43.527;-80.278;"guelph"
N1K1V2;43.526;-80.277;"guelph"
N1K1V3;43.526;-80.277;"guelph"
N1K1V5;43.527;-80.282;"guelph"
N1K1V6;43.531;-80.29;"guelph"
N1K1V7;43.528;-80.281;"guelph"
N1K1V8;43.527;-80.281;"guelph"
N1K1V9;43.527;-80.281;"guelph"
N1K1W1;43.528;-80.281;"guelph"
N1K1W2;43.529;-80.28;"guelph"
N1K1W3;43.527;-80.272;"guelph"
N1K1W4;43.527;-80.272;"guelph"
N1K1W5;43.525;-80.27;"guelph"
N1K1W6;43.526;-80.27;"guelph"
N1K1W7;43.527;-80.271;"guelph"
N1K1W8;43.527;-80.27;"guelph"
N1K1W9;43.528;-80.271;"guelph"
N1K1X1;43.528;-80.272;"guelph"
N1K1X2;43.529;-80.27;"guelph"
N1K1X3;43.525;-80.284;"guelph"
N1K1X4;43.547;-80.308;"guelph"
N1K1X5;43.526;-80.285;"guelph"
N1K1X6;43.521;-80.29;"guelph"
N1K1X7;43.529;-80.277;"guelph"
N1K1X8;43.529;-80.277;"guelph"
N1K1X9;43.528;-80.273;"guelph"
N1K1Y1;43.527;-80.287;"guelph"
N1K1Y2;43.528;-80.291;"guelph"
N1K1Y3;43.548;-80.308;"guelph"
N1K1Y4;43.537;-80.297;"guelph"
N1K1Y5;43.551;-80.275;"guelph"
N1K1Y6;43.529;-80.305;"guelph"
N1K1Y7;43.528;-80.299;"guelph"
N1K1Y8;43.528;-80.304;"guelph"
N1K1Y9;43.524;-80.293;"guelph"
N1K1Z1;43.523;-80.292;"guelph"
N1K1Z2;43.526;-80.3;"guelph"
N1K1Z3;43.547;-80.308;"guelph"
N1K1Z4;43.526;-80.283;"guelph"
N1K1Z5;43.526;-80.303;"guelph"
N1K1Z6;43.526;-80.291;"guelph"
N1K1Z7;43.523;-80.303;"guelph"
N1K1Z8;43.523;-80.302;"guelph"
N1K1Z9;43.523;-80.304;"guelph"
N1K2A1;43.525;-80.284;"guelph"
N1K2A2;43.526;-80.299;"guelph"
N1K2A3;43.508;-80.308;"guelph"
N1K2N1;43.544;-80.332;"guelph"
N1K4K2;43.523;-80.285;"guelph"
N1K7Z1;43.535;-80.296;"guelph"
N1L0A2;43.521;-80.188;"guelph"
N1L0A3;43.521;-80.187;"guelph"
N1L0A4;43.521;-80.188;"guelph"
N1L0A5;43.52;-80.187;"guelph"
N1L0A6;43.492;-80.2;"guelph"
N1L0A7;43.497;-80.195;"guelph"
N1L0B1;43.507;-80.181;"guelph"
N1L0B2;43.51;-80.18;"guelph"
N1L0B3;43.511;-80.182;"guelph"
N1L0B4;43.512;-80.181;"guelph"
N1L0B5;43.511;-80.18;"guelph"
N1L0B6;43.512;-80.178;"guelph"
N1L0B7;43.512;-80.186;"guelph"
N1L0B8;43.514;-80.199;"guelph"
N1L0B9;43.488;-80.201;"guelph"
N1L0C1;43.521;-80.176;"guelph"
N1L0C2;43.508;-80.18;"guelph"
N1L0C3;43.565;-80.209;"guelph"
N1L0C4;43.508;-80.179;"guelph"
N1L0C5;43.509;-80.178;"arkell"
N1L0C6;43.51;-80.178;"guelph"
N1L0C7;43.513;-80.176;"arkell"
N1L0C8;43.514;-80.176;"arkell"
N1L0C9;43.51;-80.179;"arkell"
N1L0E1;43.519;-80.18;"guelph"
N1L0E2;43.522;-80.184;"guelph"
N1L0E3;43.521;-80.184;"guelph"
N1L0E4;43.52;-80.185;""
N1L0E5;43.504;-80.187;"guelph"
N1L0E6;43.544;-80.241;"guelph"
N1L0E7;43.504;-80.187;"guelph"
N1L0E8;43.504;-80.187;"guelph"
N1L0E9;43.504;-80.187;"guelph"
N1L0G1;43.522;-80.185;"guelph"
N1L0G2;43.517;-80.192;"guelph"
N1L0G4;43.52;-80.185;"guelph"
N1L0G5;43.483;-80.195;"guelph"
N1L0G6;43.502;-80.187;"guelph"
N1L0G8;43.515;-80.175;"guelph"
N1L0H1;43.517;-80.179;"guelph"
N1L0H3;43.518;-80.202;"guelph"
N1L0H4;43.516;-80.177;"guelph"
N1L0H5;43.531;-80.195;"guelph"
N1L0H6;43.516;-80.176;"guelph"
N1L0J1;43.517;-80.177;"guelph"
N1L0J3;43.49;-80.203;"guelph"
N1L0J6;43.516;-80.175;"guelph"
N1L0J7;43.502;-80.187;"guelph"
N1L0J8;43.516;-80.176;"guelph"
N1L0P6;43.521;-80.178;"guelph"
N1L0Z6;43.488;-80.205;"guelph"
N1L1A1;43.523;-80.21;"guelph"
N1L1A2;43.523;-80.21;"guelph"
N1L1A3;43.523;-80.21;"guelph"
N1L1A4;43.524;-80.21;"guelph"
N1L1A5;43.524;-80.209;"guelph"
N1L1A6;43.524;-80.209;"guelph"
N1L1A7;43.525;-80.208;"guelph"
N1L1A8;43.521;-80.209;"guelph"
N1L1A9;43.52;-80.207;"guelph"
N1L1B1;43.52;-80.205;"guelph"
N1L1B2;43.563;-80.201;"guelph"
N1L1B3;43.529;-80.192;"guelph"
N1L1B4;43.524;-80.205;"guelph"
N1L1B5;43.524;-80.186;"guelph"
N1L1B6;43.547;-80.198;"guelph"
N1L1B7;43.546;-80.199;"guelph"
N1L1B8;43.55;-80.193;"guelph"
N1L1B9;43.553;-80.189;"guelph"
N1L1C1;43.559;-80.198;"guelph"
N1L1C2;43.551;-80.187;"guelph"
N1L1C3;43.493;-80.2;"guelph"
N1L1C4;43.552;-80.188;"guelph"
N1L1C5;43.55;-80.186;"guelph"
N1L1C6;43.535;-80.201;"guelph"
N1L1C7;43.502;-80.191;"guelph"
N1L1C8;43.51;-80.196;"guelph"
N1L1C9;43.514;-80.2;"guelph"
N1L1E1;43.502;-80.191;"guelph"
N1L1E2;43.568;-80.21;"guelph"
N1L1E3;43.568;-80.21;"guelph"
N1L1E4;43.569;-80.211;"guelph"
N1L1E5;43.523;-80.187;"guelph"
N1L1E6;43.519;-80.192;"guelph"
N1L1E7;43.506;-80.169;"guelph"
N1L1E8;43.517;-80.176;"guelph"
N1L1E9;43.489;-80.206;"guelph"
N1L1F7;43.493;-80.208;"guelph"
N1L1G1;43.496;-80.195;"guelph"
N1L1G2;43.488;-80.205;"guelph"
N1L1G3;43.486;-80.173;"guelph"
N1L1G4;43.474;-80.189;"guelph"
N1L1G5;43.483;-80.202;"guelph"
N1L1G6;43.497;-80.183;"guelph"
N1L1G7;43.496;-80.184;"guelph"
N1L1G8;43.515;-80.196;"guelph"
N1L1G9;43.514;-80.193;"guelph"
N1L1H1;43.51;-80.174;"guelph"
N1L1H2;43.518;-80.205;"guelph"
N1L1H3;43.516;-80.203;"guelph"
N1L1H4;43.523;-80.203;"guelph"
N1L1H5;43.526;-80.197;"guelph"
N1L1H6;43.527;-80.208;"guelph"
N1L1H7;43.509;-80.193;"guelph"
N1L1H8;43.509;-80.192;"guelph"
N1L1H9;43.51;-80.191;"guelph"
N1L1J1;43.511;-80.193;"guelph"
N1L1J2;43.511;-80.191;"guelph"
N1L1J3;43.512;-80.193;"guelph"
N1L1J4;43.5;-80.204;"guelph"
N1L1J5;43.499;-80.206;"guelph"
N1L1J6;43.5;-80.204;"guelph"
N1L1J7;43.499;-80.206;"guelph"
N1L1J8;43.5;-80.204;"guelph"
N1L1J9;43.512;-80.19;"guelph"
N1L1K1;43.489;-80.203;"guelph"
N1L1K2;43.512;-80.189;"guelph"
N1L1K3;43.513;-80.19;"guelph"
N1L1K4;43.476;-80.187;"guelph"
N1L1K5;43.485;-80.174;"guelph"
N1L1K6;43.501;-80.153;"guelph"
N1L1K7;43.511;-80.139;"guelph"
N1L1K8;43.56;-80.207;"guelph"
N1L1K9;43.514;-80.188;"guelph"
N1L1L0;43.521;-80.176;"guelph"
N1L1L1;43.514;-80.188;"guelph"
N1L1L2;43.515;-80.186;"guelph"
N1L1L3;43.517;-80.183;"guelph"
N1L1L4;43.519;-80.183;"guelph"
N1L1L5;43.518;-80.182;"guelph"
N1L1L6;43.503;-80.189;"guelph"
N1L1L7;43.507;-80.192;"guelph"
N1L1L8;43.507;-80.19;"guelph"
N1L1L9;43.506;-80.19;"guelph"
N1L1M1;43.502;-80.194;"guelph"
N1L1M2;43.506;-80.193;"guelph"
N1L1M3;43.504;-80.19;"guelph"
N1L1M4;43.505;-80.19;"guelph"
N1L1M5;43.56;-80.206;"guelph"
N1L1M6;43.562;-80.205;"guelph"
N1L1M7;43.504;-80.192;"guelph"
N1L1M8;43.503;-80.191;"guelph"
N1L1M9;43.52;-80.183;"guelph"
N1L1N1;43.505;-80.194;"guelph"
N1L1N2;43.51;-80.188;"guelph"
N1L1N3;43.51;-80.187;"guelph"
N1L1N4;43.508;-80.186;"guelph"
N1L1N5;43.508;-80.186;"guelph"
N1L1N6;43.508;-80.187;"guelph"
N1L1N7;43.51;-80.186;"guelph"
N1L1N8;43.519;-80.178;"guelph"
N1L1N9;43.512;-80.176;"guelph"
N1L1P1;43.516;-80.189;"guelph"
N1L1P2;43.517;-80.186;"guelph"
N1L1P3;43.518;-80.184;"guelph"
N1L1P4;43.554;-80.201;"guelph"
N1L1P5;43.508;-80.188;"guelph"
N1L1P6;43.504;-80.189;"guelph"
N1L1P7;43.504;-80.189;"guelph"
N1L1P8;43.505;-80.188;"guelph"
N1L1P9;43.505;-80.188;"guelph"
N1L1R1;43.49;-80.203;"guelph"
N1L1R2;43.519;-80.183;"guelph"
N1L1R3;43.52;-80.184;"guelph"
N1L1R4;43.519;-80.181;"guelph"
N1L1R5;43.506;-80.187;"guelph"
N1L1R6;43.505;-80.184;"guelph"
N1L1R7;43.504;-80.185;"guelph"
N1L1R8;43.505;-80.183;"guelph"
N1L1R9;43.506;-80.185;"guelph"
N1L1S1;43.506;-80.186;"guelph"
N1L1S2;43.507;-80.184;"guelph"
N1L1S3;43.506;-80.182;"guelph"
N1L1S4;43.507;-80.181;"guelph"
N1L1S5;43.506;-80.184;"guelph"
N1L1S6;43.516;-80.184;"guelph"
N1L1S7;43.483;-80.195;"guelph"
N1L1S8;43.529;-80.224;"guelph"
N1L1S9;43.518;-80.191;"guelph"
N1L1T1;43.52;-80.189;"guelph"
N1L1T2;43.52;-80.187;"guelph"
N1L1T3;43.517;-80.19;"guelph"
N1L1T4;43.516;-80.19;"guelph"
N1L1T5;43.516;-80.191;"guelph"
N1L1T6;43.518;-80.193;"guelph"
N1L1T7;43.518;-80.18;"guelph"
N1L1T8;43.507;-80.183;"guelph"
N1L1Y1;43.511;-80.176;"arkell"
N1L2R5;42.427;-82.208;"chatham"
N1L2S4;43.515;-80.19;"guelph"
N1L2S7;43.489;-80.202;"guelph"
N1L2Y6;43.538;-80.26;"guelph"
N1L3M1;43.521;-80.176;"guelph"
N1L3M6;43.515;-80.19;"guelph"
N1L4S2;43.521;-80.178;"guelph"
N1L5C9;43.521;-80.176;"guelph"
N1L7T7;43.521;-80.178;"guelph"
N1M0A1;43.71;-80.359;"fergus"
N1M0A2;43.707;-80.39;"fergus"
N1M0A3;43.708;-80.392;"fergus"
N1M0A5;43.708;-80.394;"fergus"
N1M0A6;43.699;-80.37;"fergus"
N1M0A7;43.714;-80.391;"fergus"
N1M0A8;43.704;-80.373;"fergus"
N1M0A9;43.701;-80.37;"fergus"
N1M0B4;43.718;-80.378;"fergus"
N1M0B5;43.71;-80.367;"fergus"
N1M1A0;43.694;-80.363;"fergus"
N1M1A1;43.714;-80.387;"fergus"
N1M1A2;43.712;-80.383;"fergus"
N1M1A3;43.712;-80.384;"fergus"
N1M1A4;43.713;-80.383;"fergus"
N1M1A5;43.709;-80.388;"fergus"
N1M1A6;43.711;-80.382;"fergus"
N1M1A7;43.71;-80.385;"fergus"
N1M1A8;43.71;-80.385;"fergus"
N1M1A9;43.709;-80.383;"fergus"
N1M1B1;43.71;-80.382;"fergus"
N1M1B2;43.709;-80.384;"fergus"
N1M1B3;43.709;-80.384;"fergus"
N1M1B4;43.711;-80.381;"fergus"
N1M1B5;43.713;-80.379;"fergus"
N1M1B6;43.713;-80.378;"fergus"
N1M1B7;43.715;-80.376;"fergus"
N1M1B8;43.709;-80.381;"fergus"
N1M1B9;43.709;-80.382;"fergus"
N1M1C1;43.713;-80.376;"fergus"
N1M1C2;43.713;-80.376;"fergus"
N1M1C3;43.708;-80.382;"fergus"
N1M1C4;43.709;-80.381;"fergus"
N1M1C5;43.708;-80.382;"fergus"
N1M1C6;43.711;-80.377;"fergus"
N1M1C7;43.707;-80.382;"fergus"
N1M1C8;43.708;-80.381;"fergus"
N1M1C9;43.709;-80.381;"fergus"
N1M1E1;43.709;-80.38;"fergus"
N1M1E2;43.71;-80.379;"fergus"
N1M1E3;43.711;-80.377;"fergus"
N1M1E4;43.711;-80.377;"fergus"
N1M1E5;43.713;-80.375;"fergus"
N1M1E6;43.713;-80.375;"fergus"
N1M1E7;43.715;-80.373;"fergus"
N1M1E8;43.714;-80.373;"fergus"
N1M1E9;43.706;-80.383;"fergus"
N1M1G1;43.707;-80.381;"fergus"
N1M1G2;43.707;-80.382;"fergus"
N1M1G3;43.707;-80.381;"fergus"
N1M1G4;43.709;-80.378;"fergus"
N1M1G5;43.707;-80.38;"fergus"
N1M1G6;43.708;-80.379;"fergus"
N1M1G7;43.712;-80.38;"fergus"
N1M1G8;43.708;-80.379;"fergus"
N1M1G9;43.708;-80.38;"fergus"
N1M1H1;43.707;-80.381;"fergus"
N1M1H2;43.709;-80.378;"fergus"
N1M1H3;43.709;-80.379;"fergus"
N1M1H4;43.71;-80.377;"fergus"
N1M1H5;43.71;-80.378;"fergus"
N1M1H6;43.71;-80.377;"fergus"
N1M1H7;43.712;-80.374;"fergus"
N1M1H8;43.707;-80.379;"fergus"
N1M1H9;43.707;-80.379;"fergus"
N1M1J1;43.708;-80.379;"fergus"
N1M1J2;43.707;-80.379;"fergus"
N1M1J3;43.708;-80.377;"fergus"
N1M1J4;43.705;-80.382;"fergus"
N1M1J5;43.708;-80.378;"fergus"
N1M1J6;43.711;-80.375;"fergus"
N1M1J7;43.701;-80.384;"fergus"
N1M1J8;43.702;-80.384;"fergus"
N1M1J9;43.699;-80.386;"fergus"
N1M1K1;43.698;-80.387;"fergus"
N1M1K2;43.707;-80.379;"fergus"
N1M1K3;43.708;-80.378;"fergus"
N1M1K4;43.709;-80.377;"fergus"
N1M1K5;43.709;-80.377;"fergus"
N1M1K6;43.71;-80.376;"fergus"
N1M1K7;43.71;-80.376;"fergus"
N1M1K8;43.712;-80.373;"fergus"
N1M1K9;43.712;-80.373;"fergus"
N1M1L1;43.7;-80.385;"fergus"
N1M1L2;43.702;-80.384;"fergus"
N1M1L3;43.704;-80.38;"fergus"
N1M1L4;43.705;-80.38;"fergus"
N1M1L5;43.705;-80.38;"fergus"
N1M1L6;43.708;-80.376;"fergus"
N1M1L7;43.704;-80.38;"fergus"
N1M1L8;43.707;-80.377;"fergus"
N1M1L9;43.706;-80.378;"fergus"
N1M1M1;43.707;-80.377;"fergus"
N1M1M2;43.702;-80.382;"fergus"
N1M1M3;43.708;-80.377;"fergus"
N1M1M4;43.706;-80.379;"fergus"
N1M1M5;43.709;-80.376;"fergus"
N1M1M6;43.708;-80.377;"fergus"
N1M1M7;43.71;-80.374;"fergus"
N1M1M8;43.71;-80.374;"fergus"
N1M1M9;43.711;-80.372;"fergus"
N1M1N0;43.702;-80.388;"fergus"
N1M1N1;43.711;-80.373;"fergus"
N1M1N2;43.714;-80.369;"fergus"
N1M1N3;43.713;-80.37;"fergus"
N1M1N4;43.698;-80.385;"fergus"
N1M1N5;43.705;-80.379;"fergus"
N1M1N6;43.705;-80.379;"fergus"
N1M1N7;43.705;-80.379;"fergus"
N1M1N8;43.704;-80.379;"fergus"
N1M1N9;43.703;-80.38;"fergus"
N1M1P1;43.703;-80.38;"fergus"
N1M1P2;43.701;-80.381;"fergus"
N1M1P3;43.701;-80.381;"fergus"
N1M1P4;43.7;-80.382;"fergus"
N1M1P5;43.7;-80.382;"fergus"
N1M1P6;43.698;-80.384;"fergus"
N1M1P7;43.698;-80.384;"fergus"
N1M1P8;43.706;-80.378;"fergus"
N1M1P9;43.707;-80.377;"fergus"
N1M1R1;43.704;-80.379;"fergus"
N1M1R2;43.704;-80.379;"fergus"
N1M1R3;43.704;-80.379;"fergus"
N1M1R4;43.702;-80.381;"fergus"
N1M1R5;43.703;-80.38;"fergus"
N1M1R6;43.703;-80.379;"fergus"
N1M1R7;43.701;-80.381;"fergus"
N1M1R8;43.698;-80.384;"fergus"
N1M1R9;43.717;-80.361;"fergus"
N1M1S0;43.707;-80.362;"fergus"
N1M1S1;43.7;-80.382;"fergus"
N1M1S2;43.697;-80.383;"fergus"
N1M1S3;43.697;-80.383;"fergus"
N1M1S4;43.7;-80.381;"fergus"
N1M1S5;43.699;-80.381;"fergus"
N1M1S6;43.704;-80.377;"fergus"
N1M1S7;43.704;-80.377;"fergus"
N1M1S8;43.705;-80.376;"fergus"
N1M1S9;43.706;-80.376;"fergus"
N1M1T1;43.707;-80.374;"fergus"
N1M1T2;43.706;-80.375;"fergus"
N1M1T4;43.708;-80.372;"fergus"
N1M1T5;43.708;-80.372;"fergus"
N1M1T6;43.704;-80.376;"fergus"
N1M1T7;43.704;-80.376;"fergus"
N1M1T8;43.711;-80.368;"fergus"
N1M1T9;43.711;-80.363;"fergus"
N1M1V1;43.704;-80.375;"fergus"
N1M1V2;43.704;-80.375;"fergus"
N1M1V3;43.704;-80.375;"fergus"
N1M1V4;43.706;-80.372;"fergus"
N1M1V5;43.7;-80.377;"fergus"
N1M1V6;43.703;-80.375;"fergus"
N1M1V7;43.705;-80.373;"fergus"
N1M1V8;43.702;-80.374;"fergus"
N1M1V9;43.707;-80.371;"fergus"
N1M1W1;43.705;-80.374;"fergus"
N1M1W2;43.706;-80.372;"fergus"
N1M1W3;43.705;-80.373;"fergus"
N1M1W4;43.707;-80.371;"fergus"
N1M1W5;43.705;-80.372;"fergus"
N1M1W6;43.709;-80.368;"fergus"
N1M1W7;43.708;-80.367;"fergus"
N1M1W8;43.708;-80.367;"fergus"
N1M1W9;43.708;-80.367;"fergus"
N1M1X1;43.703;-80.373;"fergus"
N1M1X2;43.703;-80.374;"fergus"
N1M1X3;43.702;-80.374;"fergus"
N1M1X4;43.702;-80.375;"fergus"
N1M1X5;43.701;-80.377;"fergus"
N1M1X6;43.701;-80.377;"fergus"
N1M1X7;43.703;-80.374;"fergus"
N1M1X8;43.7;-80.375;"fergus"
N1M1X9;43.7;-80.376;"fergus"
N1M1Y1;43.7;-80.376;"fergus"
N1M1Y2;43.703;-80.372;"fergus"
N1M1Y3;43.685;-80.431;"fergus"
N1M1Y4;43.699;-80.374;"fergus"
N1M1Y5;43.698;-80.375;"fergus"
N1M1Y6;43.7;-80.371;"fergus"
N1M1Y7;43.702;-80.357;"fergus"
N1M1Y8;43.697;-80.375;"fergus"
N1M1Y9;43.699;-80.372;"fergus"
N1M1Z1;43.698;-80.374;"fergus"
N1M1Z2;43.696;-80.376;"fergus"
N1M1Z3;43.695;-80.377;"fergus"
N1M1Z4;43.702;-80.369;"fergus"
N1M1Z5;43.702;-80.369;"fergus"
N1M1Z6;43.719;-80.36;"west garafraxa"
N1M1Z7;43.719;-80.36;"west garafraxa"
N1M1Z8;43.718;-80.358;"west garafraxa"
N1M1Z9;43.715;-80.36;"west garafraxa"
N1M2A1;43.715;-80.363;"fergus"
N1M2A2;43.716;-80.368;"west garafraxa"
N1M2A3;43.714;-80.365;"west garafraxa"
N1M2A4;43.713;-80.367;"west garafraxa"
N1M2A5;43.714;-80.369;"west garafraxa"
N1M2A6;43.715;-80.37;"west garafraxa"
N1M2A7;43.715;-80.37;"west garafraxa"
N1M2A8;43.713;-80.369;"fergus"
N1M2A9;43.712;-80.371;"fergus"
N1M2B1;43.713;-80.372;"fergus"
N1M2B2;43.715;-80.375;"fergus"
N1M2B3;43.715;-80.374;"fergus"
N1M2B4;43.71;-80.368;"fergus"
N1M2B5;43.71;-80.368;"fergus"
N1M2B6;43.71;-80.368;"fergus"
N1M2B7;43.709;-80.366;"fergus"
N1M2B8;43.709;-80.368;"fergus"
N1M2B9;43.709;-80.368;"fergus"
N1M2C1;43.707;-80.365;"fergus"
N1M2C2;43.707;-80.364;"fergus"
N1M2C3;43.707;-80.366;"fergus"
N1M2C4;43.707;-80.365;"fergus"
N1M2C5;43.708;-80.37;"fergus"
N1M2C6;43.708;-80.37;"fergus"
N1M2C7;43.708;-80.372;"fergus"
N1M2C8;43.71;-80.373;"fergus"
N1M2C9;43.71;-80.374;"fergus"
N1M2E1;43.711;-80.374;"fergus"
N1M2E2;43.711;-80.375;"fergus"
N1M2E3;43.711;-80.376;"fergus"
N1M2E4;43.712;-80.376;"fergus"
N1M2E5;43.712;-80.377;"fergus"
N1M2E6;43.713;-80.378;"fergus"
N1M2E7;43.708;-80.372;"fergus"
N1M2E8;43.708;-80.372;"fergus"
N1M2E9;43.708;-80.375;"fergus"
N1M2G1;43.709;-80.376;"fergus"
N1M2G2;43.71;-80.378;"fergus"
N1M2G3;43.71;-80.377;"fergus"
N1M2G4;43.71;-80.378;"fergus"
N1M2G5;43.711;-80.378;"fergus"
N1M2G6;43.713;-80.382;"fergus"
N1M2G7;43.703;-80.369;"fergus"
N1M2G8;43.703;-80.37;"fergus"
N1M2G9;43.707;-80.377;"fergus"
N1M2H1;43.707;-80.377;"fergus"
N1M2H2;43.708;-80.377;"fergus"
N1M2H3;43.708;-80.378;"fergus"
N1M2H4;43.708;-80.378;"fergus"
N1M2H5;43.708;-80.378;"fergus"
N1M2H6;43.706;-80.375;"fergus"
N1M2H7;43.705;-80.374;"fergus"
N1M2H8;43.709;-80.38;"fergus"
N1M2H9;43.709;-80.381;"fergus"
N1M2J1;43.71;-80.382;"fergus"
N1M2J2;43.711;-80.382;"fergus"
N1M2J3;43.711;-80.383;"fergus"
N1M2J4;43.711;-80.383;"fergus"
N1M2J5;43.707;-80.38;"fergus"
N1M2J6;43.706;-80.379;"fergus"
N1M2J7;43.707;-80.38;"fergus"
N1M2J8;43.706;-80.377;"fergus"
N1M2J9;43.707;-80.381;"fergus"
N1M2K1;43.707;-80.38;"fergus"
N1M2K2;43.708;-80.382;"fergus"
N1M2K3;43.708;-80.382;"fergus"
N1M2K4;43.708;-80.383;"fergus"
N1M2K5;43.709;-80.384;"fergus"
N1M2K6;43.709;-80.385;"fergus"
N1M2K7;43.71;-80.385;"fergus"
N1M2K8;43.71;-80.386;"fergus"
N1M2K9;43.708;-80.382;"fergus"
N1M2L1;43.713;-80.389;"fergus"
N1M2L2;43.713;-80.39;"fergus"
N1M2L3;43.705;-80.376;"fergus"
N1M2L4;43.705;-80.376;"fergus"
N1M2L5;43.706;-80.378;"fergus"
N1M2L6;43.705;-80.377;"fergus"
N1M2L7;43.705;-80.377;"fergus"
N1M2L8;43.706;-80.378;"fergus"
N1M2L9;43.707;-80.38;"fergus"
N1M2M1;43.703;-80.375;"fergus"
N1M2M2;43.703;-80.375;"fergus"
N1M2M3;43.707;-80.383;"fergus"
N1M2M4;43.708;-80.385;"fergus"
N1M2M5;43.709;-80.386;"fergus"
N1M2M6;43.705;-80.379;"fergus"
N1M2M7;43.705;-80.379;"fergus"
N1M2M8;43.705;-80.38;"fergus"
N1M2M9;43.705;-80.38;"fergus"
N1M2N1;43.706;-80.381;"fergus"
N1M2N2;43.706;-80.381;"fergus"
N1M2N3;43.706;-80.382;"fergus"
N1M2N4;43.706;-80.383;"fergus"
N1M2N5;43.704;-80.38;"fergus"
N1M2N6;43.704;-80.381;"fergus"
N1M2N7;43.705;-80.382;"fergus"
N1M2N8;43.701;-80.375;"fergus"
N1M2N9;43.704;-80.379;"fergus"
N1M2P1;43.706;-80.384;"fergus"
N1M2P2;43.704;-80.379;"fergus"
N1M2P3;43.703;-80.378;"fergus"
N1M2P4;43.703;-80.378;"fergus"
N1M2P5;43.702;-80.376;"fergus"
N1M2P6;43.702;-80.376;"fergus"
N1M2P7;43.701;-80.375;"fergus"
N1M2P8;43.703;-80.378;"fergus"
N1M2P9;43.701;-80.374;"fergus"
N1M2R0;43.706;-80.358;"fergus"
N1M2R1;43.7;-80.373;"fergus"
N1M2R2;43.698;-80.37;"fergus"
N1M2R3;43.698;-80.37;"fergus"
N1M2R4;43.707;-80.386;"fergus"
N1M2R5;43.707;-80.385;"fergus"
N1M2R6;43.702;-80.388;"fergus"
N1M2R7;43.7;-80.376;"fergus"
N1M2R8;43.701;-80.377;"fergus"
N1M2R9;43.699;-80.375;"fergus"
N1M2S1;43.703;-80.38;"fergus"
N1M2S2;43.703;-80.376;"fergus"
N1M2S3;43.704;-80.383;"fergus"
N1M2S4;43.704;-80.383;"fergus"
N1M2S5;43.704;-80.384;"fergus"
N1M2S6;43.704;-80.385;"fergus"
N1M2S7;43.699;-80.378;"fergus"
N1M2S8;43.698;-80.376;"fergus"
N1M2S9;43.698;-80.376;"fergus"
N1M2T1;43.701;-80.381;"fergus"
N1M2T2;43.702;-80.382;"fergus"
N1M2T3;43.702;-80.382;"fergus"
N1M2T4;43.702;-80.384;"fergus"
N1M2T5;43.703;-80.384;"fergus"
N1M2T6;43.702;-80.384;"fergus"
N1M2T7;43.702;-80.385;"fergus"
N1M2T8;43.696;-80.377;"fergus"
N1M2T9;43.696;-80.377;"fergus"
N1M2V1;43.698;-80.379;"fergus"
N1M2V2;43.695;-80.377;"fergus"
N1M2V3;43.698;-80.383;"fergus"
N1M2V4;43.698;-80.382;"fergus"
N1M2V5;43.698;-80.382;"fergus"
N1M2V6;43.699;-80.383;"fergus"
N1M2V7;43.699;-80.384;"fergus"
N1M2V8;43.698;-80.384;"fergus"
N1M2V9;43.698;-80.383;"fergus"
N1M2W1;43.698;-80.383;"fergus"
N1M2W2;43.699;-80.388;"fergus"
N1M2W3;43.712;-80.399;"fergus"
N1M2W4;43.742;-80.373;"fergus"
N1M2W5;43.746;-80.335;"fergus"
N1M2W6;43.702;-80.387;"fergus"
N1M2W7;43.721;-80.378;"fergus"
N1M2W8;43.706;-80.379;"fergus"
N1M2W9;43.715;-80.38;"fergus"
N1M2X1;43.702;-80.385;"fergus"
N1M2X2;43.702;-80.388;"fergus"
N1M2X3;43.71;-80.385;"fergus"
N1M2X4;43.701;-80.376;"fergus"
N1M2X5;43.694;-80.375;"fergus"
N1M2X6;43.697;-80.38;"fergus"
N1M2X7;43.711;-80.382;"fergus"
N1M2X8;43.711;-80.358;"fergus"
N1M2X9;43.714;-80.372;"fergus"
N1M2Y1;43.72;-80.362;"fergus"
N1M2Y2;43.703;-80.367;"fergus"
N1M2Y3;43.705;-80.367;"fergus"
N1M2Y4;43.704;-80.367;"fergus"
N1M2Y5;43.71;-80.373;"fergus"
N1M2Y6;43.706;-80.375;"fergus"
N1M2Y7;43.709;-80.371;"fergus"
N1M2Y8;43.698;-80.378;"fergus"
N1M2Y9;43.704;-80.379;"fergus"
N1M2Z1;43.703;-80.374;"fergus"
N1M2Z2;43.698;-80.379;"fergus"
N1M2Z3;43.714;-80.372;"fergus"
N1M2Z4;42.939;-81.599;"fergus"
N1M2Z5;43.694;-80.385;"nichol"
N1M2Z6;43.695;-80.386;"nichol"
N1M2Z7;43.694;-80.385;"nichol"
N1M2Z8;43.694;-80.384;"fergus"
N1M2Z9;43.694;-80.384;"fergus"
N1M3A1;43.695;-80.385;"fergus"
N1M3A2;43.694;-80.386;"fergus"
N1M3A3;43.694;-80.387;"fergus"
N1M3A4;43.695;-80.385;"fergus"
N1M3A5;43.694;-80.387;"fergus"
N1M3A6;43.693;-80.387;"fergus"
N1M3A7;43.696;-80.384;"nichol"
N1M3A8;43.71;-80.364;"fergus"
N1M3A9;43.724;-80.342;"fergus"
N1M3B1;43.694;-80.385;"nichol"
N1M3B2;43.693;-80.387;"nichol"
N1M3B3;43.693;-80.387;"nichol"
N1M3B4;43.691;-80.389;"fergus"
N1M3B5;43.705;-80.367;"fergus"
N1M3B6;43.705;-80.366;"fergus"
N1M3B7;43.692;-80.391;"fergus"
N1M3B8;43.691;-80.389;"fergus"
N1M3B9;43.689;-80.391;"fergus"
N1M3C1;43.69;-80.392;"fergus"
N1M3C2;43.691;-80.393;"nichol"
N1M3C3;43.69;-80.392;"nichol"
N1M3C4;43.69;-80.392;"nichol"
N1M3C5;43.691;-80.391;"nichol"
N1M3C6;43.691;-80.391;"nichol"
N1M3C7;43.705;-80.367;"fergus"
N1M3C8;43.691;-80.389;"fergus"
N1M3C9;43.697;-80.377;"fergus"
N1M3E1;43.699;-80.374;"fergus"
N1M3E2;43.758;-80.356;"fergus"
N1M3E3;43.694;-80.372;"fergus"
N1M3E4;43.694;-80.374;"fergus"
N1M3E5;43.696;-80.375;"fergus"
N1M3E6;43.694;-80.375;"fergus"
N1M3E7;43.713;-80.385;"fergus"
N1M3E8;43.712;-80.385;"fergus"
N1M3E9;43.711;-80.378;"fergus"
N1M3G1;43.691;-80.372;"fergus"
N1M3G2;43.711;-80.38;"fergus"
N1M3G3;43.711;-80.38;"fergus"
N1M3G4;43.692;-80.373;"fergus"
N1M3G5;43.691;-80.372;"fergus"
N1M3G6;43.706;-80.367;"fergus"
N1M3G7;43.718;-80.384;"fergus"
N1M3G8;43.673;-80.362;"fergus"
N1M3G9;43.706;-80.366;"fergus"
N1M3H1;43.699;-80.374;"fergus"
N1M3H2;43.696;-80.386;"fergus"
N1M3H3;43.706;-80.367;"fergus"
N1M3H4;43.706;-80.366;"fergus"
N1M3H5;43.705;-80.365;"fergus"
N1M3H6;43.714;-80.377;"fergus"
N1M3H7;43.713;-80.379;"fergus"
N1M3H8;43.709;-80.37;"fergus"
N1M3H9;43.707;-80.363;"fergus"
N1M3J1;43.708;-80.362;"fergus"
N1M3J2;43.708;-80.361;"fergus"
N1M3J3;43.709;-80.362;"fergus"
N1M3J4;43.709;-80.362;"fergus"
N1M3J5;43.717;-80.367;"fergus"
N1M3J6;43.718;-80.365;"fergus"
N1M3J7;43.705;-80.364;"fergus"
N1M3J8;43.707;-80.363;"fergus"
N1M3J9;43.717;-80.364;"fergus"
N1M3K1;43.717;-80.364;"fergus"
N1M3K2;43.709;-80.365;"fergus"
N1M3K3;43.709;-80.364;"fergus"
N1M3K4;43.709;-80.364;"fergus"
N1M3K5;43.715;-80.385;"fergus"
N1M3K6;43.716;-80.385;"fergus"
N1M3K7;43.716;-80.384;"fergus"
N1M3K8;43.716;-80.384;"fergus"
N1M3K9;43.716;-80.385;"fergus"
N1M3L1;43.717;-80.363;"fergus"
N1M3L2;43.718;-80.364;"fergus"
N1M3L3;43.716;-80.384;"fergus"
N1M3L4;43.718;-80.385;"fergus"
N1M3L5;43.715;-80.384;"fergus"
N1M3L6;43.715;-80.385;"fergus"
N1M3L7;43.716;-80.384;"fergus"
N1M3L8;43.71;-80.367;"fergus"
N1M3L9;43.721;-80.362;"fergus"
N1M3M1;43.707;-80.388;"fergus"
N1M3M2;43.707;-80.389;"fergus"
N1M3M3;43.708;-80.39;"fergus"
N1M3M4;43.711;-80.387;"fergus"
N1M3M5;43.71;-80.389;"fergus"
N1M3M6;43.708;-80.364;"fergus"
N1M3M7;43.706;-80.391;"fergus"
N1M3M8;43.709;-80.392;"fergus"
N1M3M9;43.71;-80.393;"fergus"
N1M3N1;43.711;-80.392;"fergus"
N1M3N2;43.712;-80.391;"fergus"
N1M3N3;43.705;-80.38;"fergus"
N1M3N4;43.708;-80.373;"fergus"
N1M3N5;43.719;-80.365;"west garafraxa"
N1M3N6;43.719;-80.363;"fergus"
N1M3N7;43.697;-80.369;"fergus"
N1M3N8;43.705;-80.368;"fergus"
N1M3N9;43.704;-80.37;"fergus"
N1M3P1;43.704;-80.362;"fergus"
N1M3P2;43.704;-80.363;"fergus"
N1M3P3;43.704;-80.363;"fergus"
N1M3P4;43.704;-80.363;"fergus"
N1M3P5;43.703;-80.359;"fergus"
N1M3P6;43.702;-80.359;"fergus"
N1M3P7;43.702;-80.359;"fergus"
N1M3P8;43.703;-80.36;"fergus"
N1M3P9;43.702;-80.362;"fergus"
N1M3R1;43.701;-80.361;"fergus"
N1M3R2;43.7;-80.378;"fergus"
N1M3R3;43.699;-80.365;"fergus"
N1M3R4;43.703;-80.374;"fergus"
N1M3R5;43.703;-80.362;"fergus"
N1M3R6;43.706;-80.375;"fergus"
N1M3R7;43.696;-80.384;"fergus"
N1M3R8;43.716;-80.385;"fergus"
N1M3R9;43.705;-80.359;"fergus"
N1M3S1;43.706;-80.36;"fergus"
N1M3S2;43.702;-80.363;"fergus"
N1M3S3;43.7;-80.364;"fergus"
N1M3S4;43.699;-80.364;"fergus"
N1M3S5;43.7;-80.364;"fergus"
N1M3S6;43.714;-80.382;"fergus"
N1M3S7;43.714;-80.383;"fergus"
N1M3S8;43.705;-80.359;"fergus"
N1M3S9;43.702;-80.388;"fergus"
N1M3T0;43.719;-80.377;"fergus"
N1M3T2;43.719;-80.387;"fergus"
N1M3T3;43.719;-80.387;"fergus"
N1M3T4;43.718;-80.388;"fergus"
N1M3T5;43.7;-80.376;"fergus"
N1M3T6;43.7;-80.375;"fergus"
N1M3T7;43.699;-80.375;"fergus"
N1M3T8;43.7;-80.36;"fergus"
N1M3T9;43.416;-80.473;"fergus"
N1M3U3;43.699;-80.368;"fergus"
N1M3V1;43.706;-80.379;"fergus"
N1M3V2;43.699;-80.37;"fergus"
N1M3V3;43.698;-80.368;"fergus"
N1M3V4;43.701;-80.362;"fergus"
N1M3V5;43.701;-80.361;"fergus"
N1M3V6;43.702;-80.381;"fergus"
N1M3V7;43.706;-80.376;"fergus"
N1M3V8;43.718;-80.388;"fergus"
N1M3V9;43.719;-80.386;"fergus"
N1M3W1;43.72;-80.386;"fergus"
N1M3W2;43.72;-80.388;"fergus"
N1M3W3;43.712;-80.374;"fergus"
N1M3W4;43.718;-80.359;"fergus"
N1M3W5;43.734;-80.36;"fergus"
N1M5J7;42.431;-82.177;"chatham"
N1M6J2;43.67;-80.42;"fergus"
N1M6J4;44.308;-81.274;""
N1M7R2;43.719;-80.377;"fergus"
N1N1J6;44.15;-81.03;"hanover"
N1N2W5;43.702;-80.356;"fergus"
N1N3E4;43.693;-80.374;"fergus"
N1N8N8;43.543;-80.266;"guelph"
N1O5O7;43.511;-80.213;"guelph"
N1P0A1;43.34;-80.284;""
N1P0A2;43.338;-80.283;"cambridge"
N1P0A3;43.339;-80.273;"cambridge"
N1P0A4;43.338;-80.272;"cambridge"
N1P0A5;43.338;-80.312;"cambridge"
N1P0A6;43.346;-80.274;"cambridge"
N1P0A7;43.337;-80.312;"cambridge"
N1P0A9;43.773;-79.255;"toronto"
N1P1A0;43.407;-80.337;"cambridge"
N1P1A1;43.34;-80.301;"cambridge"
N1P1A2;43.339;-80.302;"cambridge"
N1P1A3;43.339;-80.302;"cambridge"
N1P1A4;43.338;-80.305;"cambridge"
N1P1A5;43.34;-80.305;"cambridge"
N1P1A6;43.345;-80.28;"cambridge"
N1P1A7;43.345;-80.28;"cambridge"
N1P1A8;43.339;-80.307;"cambridge"
N1P1A9;43.339;-80.307;"cambridge"
N1P1B1;43.339;-80.309;"cambridge"
N1P1B2;43.338;-80.309;"cambridge"
N1P1B3;43.338;-80.308;"cambridge"
N1P1B4;43.338;-80.302;"cambridge"
N1P1B5;43.337;-80.304;"cambridge"
N1P1B6;43.336;-80.303;"cambridge"
N1P1B7;43.336;-80.302;"cambridge"
N1P1B8;43.337;-80.301;"cambridge"
N1P1B9;43.338;-80.299;"cambridge"
N1P1C1;43.341;-80.291;"cambridge"
N1P1C2;43.34;-80.294;"cambridge"
N1P1C3;43.34;-80.295;"cambridge"
N1P1C4;43.34;-80.293;"cambridge"
N1P1C5;43.338;-80.302;"cambridge"
N1P1C6;43.338;-80.301;"cambridge"
N1P1C7;43.344;-80.279;"cambridge"
N1P1C8;43.343;-80.278;"cambridge"
N1P1C9;43.344;-80.276;"cambridge"
N1P1E1;43.342;-80.277;"cambridge"
N1P1E2;43.338;-80.302;"cambridge"
N1P1E3;43.341;-80.277;"cambridge"
N1P1E4;43.341;-80.279;"cambridge"
N1P1E5;43.343;-80.28;"cambridge"
N1P1E6;43.344;-80.284;"cambridge"
N1P1E7;43.343;-80.28;"cambridge"
N1P1E8;43.336;-80.306;"cambridge"
N1P1E9;43.337;-80.307;"cambridge"
N1P1G1;43.341;-80.281;"cambridge"
N1P1G2;43.341;-80.283;"cambridge"
N1P1G3;43.339;-80.283;"cambridge"
N1P1G4;43.34;-80.282;"cambridge"
N1P1G5;43.339;-80.282;"cambridge"
N1P1G6;43.338;-80.282;"cambridge"
N1P1G7;43.34;-80.277;"cambridge"
N1P1G8;43.341;-80.276;"cambridge"
N1P1G9;43.341;-80.274;"cambridge"
N1P1H1;43.341;-80.272;"cambridge"
N1P1H2;43.34;-80.274;"cambridge"
N1P1H3;43.337;-80.296;"cambridge"
N1P1H4;43.337;-80.296;"cambridge"
N1P1H5;43.338;-80.295;"cambridge"
N1P1H6;43.343;-80.283;"cambridge"
N1P1H7;43.342;-80.282;"cambridge"
N1P1H8;43.337;-80.297;"cambridge"
N1P1H9;43.336;-80.307;"cambridge"
N1P1J0;43.516;-80.074;"moffat"
N1P1J1;43.337;-80.308;"cambridge"
N1P1J2;43.339;-80.273;"cambridge"
N1P1J3;43.339;-80.275;"cambridge"
N1P1J4;43.341;-80.289;"cambridge"
N1P1J5;43.341;-80.289;"cambridge"
N1P1J6;43.342;-80.287;"cambridge"
N1P1J7;43.34;-80.287;"cambridge"
N1P1J8;43.339;-80.286;"cambridge"
N1P1J9;43.339;-80.288;"cambridge"
N1P1P1;42.908;-79.619;"dunnville"
N1P1P5;43.328;-80.291;"cambridge"
N1P1T7;43.34;-80.287;"cambridge"
N1P1Z2;43.328;-80.291;"cambridge"
N1P2H0;43.328;-80.291;"cambridge"
N1P3C5;43.338;-80.296;"cambridge"
N1P4V4;43.328;-80.291;"cambridge"
N1P5J1;43.328;-80.291;"cambridge"
N1P7X9;43.328;-80.291;"cambridge"
N1R0A1;43.373;-80.305;"cambridge"
N1R0A2;43.393;-80.313;"cambridge"
N1R0A5;43.383;-80.321;"cambridge"
N1R0A6;43.392;-80.312;"cambridge"
N1R0A7;43.374;-80.305;"cambridge"
N1R1A1;43.383;-80.32;"cambridge"
N1R1A2;43.383;-80.319;"cambridge"
N1R1A3;43.383;-80.318;"cambridge"
N1R1A4;43.383;-80.317;"cambridge"
N1R1A5;43.38;-80.32;"cambridge"
N1R1A6;43.38;-80.322;"cambridge"
N1R1A7;43.379;-80.32;"cambridge"
N1R1A8;43.38;-80.319;"cambridge"
N1R1A9;43.381;-80.313;"cambridge"
N1R1B1;43.381;-80.313;"cambridge"
N1R1B2;43.378;-80.32;"cambridge"
N1R1B3;43.378;-80.32;"cambridge"
N1R1B4;43.378;-80.32;"cambridge"
N1R1B5;43.378;-80.321;"cambridge"
N1R1B6;43.377;-80.318;"cambridge"
N1R1B7;43.377;-80.317;"cambridge"
N1R1B8;43.378;-80.313;"cambridge"
N1R1B9;43.378;-80.314;"cambridge"
N1R1C1;43.379;-80.31;"cambridge"
N1R1C2;43.379;-80.309;"cambridge"
N1R1C3;43.377;-80.317;"cambridge"
N1R1C4;43.377;-80.316;"cambridge"
N1R1C5;43.377;-80.316;"cambridge"
N1R1C6;43.377;-80.315;"cambridge"
N1R1C7;43.377;-80.315;"cambridge"
N1R1C8;43.377;-80.313;"cambridge"
N1R1C9;43.377;-80.313;"cambridge"
N1R1E1;43.375;-80.321;"cambridge"
N1R1E2;43.374;-80.321;"cambridge"
N1R1E3;43.376;-80.315;"cambridge"
N1R1E4;43.376;-80.309;"cambridge"
N1R1E5;43.376;-80.309;"cambridge"
N1R1E6;43.374;-80.321;"cambridge"
N1R1E7;43.374;-80.322;"cambridge"
N1R1E8;43.373;-80.321;"cambridge"
N1R1E9;43.373;-80.321;"cambridge"
N1R1G1;43.372;-80.32;"cambridge"
N1R1G2;43.373;-80.32;"cambridge"
N1R1G3;43.373;-80.317;"cambridge"
N1R1G4;43.373;-80.317;"cambridge"
N1R1G5;43.372;-80.32;"cambridge"
N1R1G6;43.372;-80.32;"cambridge"
N1R1G7;43.372;-80.316;"cambridge"
N1R1G8;43.372;-80.316;"cambridge"
N1R1G9;43.374;-80.314;"cambridge"
N1R1H1;43.375;-80.313;"cambridge"
N1R1H2;43.376;-80.312;"cambridge"
N1R1H3;43.377;-80.31;"cambridge"
N1R1H4;43.371;-80.32;"cambridge"
N1R1H5;43.371;-80.319;"cambridge"
N1R1H6;43.37;-80.32;"cambridge"
N1R1H7;43.373;-80.312;"cambridge"
N1R1H8;43.375;-80.3;"cambridge"
N1R1H9;43.376;-80.297;"cambridge"
N1R1J1;43.375;-80.3;"cambridge"
N1R1J4;43.372;-80.305;"cambridge"
N1R1J5;43.372;-80.299;"cambridge"
N1R1J6;43.373;-80.298;"cambridge"
N1R1J7;43.368;-80.317;"cambridge"
N1R1J8;43.369;-80.315;"cambridge"
N1R1J9;43.369;-80.314;"cambridge"
N1R1K0;43.36;-80.313;"cambridge"
N1R1K2;43.37;-80.308;"cambridge"
N1R1K3;43.37;-80.306;"cambridge"
N1R1K4;43.37;-80.305;"cambridge"
N1R1K5;43.37;-80.304;"cambridge"
N1R1K6;43.371;-80.303;"cambridge"
N1R1K8;43.371;-80.301;"cambridge"
N1R1K9;43.371;-80.301;"cambridge"
N1R1L1;43.372;-80.292;"cambridge"
N1R1L2;43.372;-80.293;"cambridge"
N1R1L3;43.372;-80.292;"cambridge"
N1R1L4;43.373;-80.288;"cambridge"
N1R1L5;43.373;-80.289;"cambridge"
N1R1L6;43.373;-80.289;"cambridge"
N1R1L7;43.368;-80.315;"cambridge"
N1R1L8;43.368;-80.316;"cambridge"
N1R1L9;43.368;-80.316;"cambridge"
N1R1M1;43.366;-80.313;"cambridge"
N1R1M2;43.366;-80.313;"cambridge"
N1R1M3;43.367;-80.313;"cambridge"
N1R1M4;43.367;-80.312;"cambridge"
N1R1M5;43.367;-80.312;"cambridge"
N1R1M6;43.367;-80.312;"cambridge"
N1R1M7;43.368;-80.311;"cambridge"
N1R1M8;43.368;-80.301;"cambridge"
N1R1M9;43.37;-80.299;"cambridge"
N1R1N1;43.369;-80.298;"cambridge"
N1R1N2;43.369;-80.297;"cambridge"
N1R1N3;43.368;-80.296;"cambridge"
N1R1N4;43.366;-80.295;"cambridge"
N1R1N5;43.366;-80.294;"cambridge"
N1R1N6;43.365;-80.294;"cambridge"
N1R1N7;43.365;-80.315;"cambridge"
N1R1N8;43.365;-80.313;"galt"
N1R1N9;43.365;-80.315;"cambridge"
N1R1P1;43.364;-80.316;"cambridge"
N1R1P2;43.363;-80.315;"cambridge"
N1R1P4;43.363;-80.321;"cambridge"
N1R1P5;43.363;-80.318;"cambridge"
N1R1P6;43.364;-80.312;"cambridge"
N1R1P7;43.364;-80.313;"cambridge"
N1R1P8;43.364;-80.303;"cambridge"
N1R1P9;43.359;-80.319;"cambridge"
N1R1R2;43.362;-80.314;"cambridge"
N1R1R3;43.356;-80.316;"cambridge"
N1R1R4;43.364;-80.302;"cambridge"
N1R1R5;43.364;-80.301;"cambridge"
N1R1R6;43.364;-80.301;"cambridge"
N1R1R7;43.364;-80.302;"cambridge"
N1R1R8;43.365;-80.294;"cambridge"
N1R1R9;43.365;-80.295;"cambridge"
N1R1S1;43.365;-80.296;"cambridge"
N1R1S2;43.361;-80.314;"cambridge"
N1R1S3;43.361;-80.314;"cambridge"
N1R1S5;43.356;-80.316;"cambridge"
N1R1S6;43.361;-80.312;"cambridge"
N1R1S7;43.363;-80.3;"cambridge"
N1R1S8;43.363;-80.298;"cambridge"
N1R1S9;43.363;-80.299;"cambridge"
N1R1T1;43.364;-80.295;"cambridge"
N1R1T2;43.364;-80.295;"cambridge"
N1R1T3;43.364;-80.293;"cambridge"
N1R1T4;43.36;-80.315;"cambridge"
N1R1T5;43.36;-80.314;"cambridge"
N1R1T6;43.356;-80.316;"cambridge"
N1R1T7;43.36;-80.313;"cambridge"
N1R1T8;43.36;-80.312;"cambridge"
N1R1T9;43.361;-80.305;"cambridge"
N1R1V0;43.356;-80.316;"cambridge"
N1R1V1;43.362;-80.299;"cambridge"
N1R1V2;43.363;-80.296;"cambridge"
N1R1V3;43.363;-80.295;"cambridge"
N1R1V4;43.359;-80.315;"cambridge"
N1R1V5;43.359;-80.315;"cambridge"
N1R1V6;43.359;-80.315;"cambridge"
N1R1V7;43.359;-80.303;"cambridge"
N1R1V8;43.359;-80.312;"galt"
N1R1V9;43.359;-80.313;"cambridge"
N1R1W1;43.359;-80.313;"cambridge"
N1R1W3;43.359;-80.311;"cambridge"
N1R1W4;43.356;-80.316;"cambridge"
N1R1W5;43.359;-80.31;"cambridge"
N1R1W6;43.357;-80.309;"cambridge"
N1R1W7;43.358;-80.311;"cambridge"
N1R1W8;43.357;-80.305;"cambridge"
N1R1W9;43.357;-80.307;"cambridge"
N1R1X1;43.357;-80.306;"cambridge"
N1R1X2;43.357;-80.297;"cambridge"
N1R1X3;43.356;-80.302;"cambridge"
N1R1X4;43.356;-80.301;"cambridge"
N1R1X5;43.356;-80.3;"cambridge"
N1R1X6;43.358;-80.289;"cambridge"
N1R1X7;43.356;-80.298;"cambridge"
N1R1X8;43.36;-80.274;"cambridge"
N1R1X9;43.358;-80.282;"cambridge"
N1R1Y1;43.357;-80.299;"cambridge"
N1R1Y2;43.36;-80.274;"cambridge"
N1R1Y3;43.357;-80.298;"cambridge"
N1R1Y4;43.359;-80.28;"cambridge"
N1R1Y5;43.357;-80.295;"cambridge"
N1R1Y6;43.359;-80.279;"cambridge"
N1R1Y7;43.357;-80.294;"cambridge"
N1R1Y8;43.357;-80.293;"cambridge"
N1R1Y9;43.361;-80.308;"cambridge"
N1R1Z1;43.361;-80.307;"cambridge"
N1R1Z2;43.36;-80.306;"cambridge"
N1R1Z3;43.36;-80.304;"cambridge"
N1R1Z4;43.36;-80.303;"cambridge"
N1R1Z5;43.36;-80.303;"cambridge"
N1R1Z6;43.361;-80.3;"cambridge"
N1R1Z7;43.361;-80.301;"cambridge"
N1R1Z8;43.361;-80.3;"cambridge"
N1R1Z9;43.361;-80.3;"cambridge"
N1R2A1;43.359;-80.305;"cambridge"
N1R2A2;43.359;-80.305;"cambridge"
N1R2A3;43.359;-80.315;"cambridge"
N1R2A4;43.359;-80.305;"cambridge"
N1R2A5;43.359;-80.305;"cambridge"
N1R2A6;43.357;-80.315;"cambridge"
N1R2A7;43.357;-80.315;"cambridge"
N1R2A8;43.357;-80.313;"galt"
N1R2A9;43.358;-80.305;"cambridge"
N1R2B1;43.358;-80.305;"cambridge"
N1R2B2;43.358;-80.303;"cambridge"
N1R2B3;43.358;-80.302;"cambridge"
N1R2B4;43.358;-80.302;"cambridge"
N1R2B5;43.358;-80.301;"cambridge"
N1R2B6;43.358;-80.3;"cambridge"
N1R2B7;43.359;-80.3;"cambridge"
N1R2B8;43.359;-80.299;"cambridge"
N1R2B9;43.359;-80.299;"cambridge"
N1R2C1;43.359;-80.298;"cambridge"
N1R2C2;43.359;-80.297;"cambridge"
N1R2C3;43.359;-80.298;"cambridge"
N1R2C4;43.358;-80.297;"cambridge"
N1R2C5;43.359;-80.296;"cambridge"
N1R2C6;43.359;-80.296;"cambridge"
N1R2C7;43.356;-80.315;"cambridge"
N1R2C8;43.356;-80.314;"cambridge"
N1R2C9;43.356;-80.316;"cambridge"
N1R2E1;43.356;-80.312;"cambridge"
N1R2E2;43.356;-80.31;"cambridge"
N1R2E3;43.356;-80.311;"cambridge"
N1R2E4;43.356;-80.31;"cambridge"
N1R2E5;43.356;-80.309;"cambridge"
N1R2E6;43.357;-80.307;"cambridge"
N1R2E7;43.355;-80.315;"cambridge"
N1R2E8;43.355;-80.315;"galt"
N1R2E9;43.355;-80.313;"cambridge"
N1R2G1;43.355;-80.312;"cambridge"
N1R2G2;43.355;-80.312;"cambridge"
N1R2G3;43.356;-80.308;"cambridge"
N1R2G4;43.356;-80.307;"cambridge"
N1R2G5;43.354;-80.314;"cambridge"
N1R2G6;43.354;-80.314;"cambridge"
N1R2G7;43.354;-80.314;"cambridge"
N1R2G8;43.354;-80.313;"cambridge"
N1R2G9;43.354;-80.313;"cambridge"
N1R2H1;43.354;-80.311;"cambridge"
N1R2H2;43.355;-80.308;"cambridge"
N1R2H3;43.355;-80.306;"cambridge"
N1R2H4;43.355;-80.305;"cambridge"
N1R2H5;43.355;-80.304;"cambridge"
N1R2H6;43.355;-80.306;"cambridge"
N1R2H7;43.355;-80.304;"cambridge"
N1R2H8;43.356;-80.302;"cambridge"
N1R2H9;43.356;-80.302;"cambridge"
N1R2J1;43.356;-80.3;"cambridge"
N1R2J2;43.353;-80.311;"cambridge"
N1R2J3;43.353;-80.313;"cambridge"
N1R2J4;43.353;-80.311;"cambridge"
N1R2J5;43.353;-80.311;"cambridge"
N1R2J6;43.353;-80.31;"cambridge"
N1R2J7;43.353;-80.308;"cambridge"
N1R2J8;43.353;-80.306;"cambridge"
N1R2J9;43.353;-80.307;"cambridge"
N1R2K1;43.352;-80.304;"cambridge"
N1R2K2;43.354;-80.304;"cambridge"
N1R2K3;43.354;-80.304;"cambridge"
N1R2K4;43.354;-80.301;"cambridge"
N1R2K5;43.355;-80.296;"cambridge"
N1R2K6;43.355;-80.3;"cambridge"
N1R2K7;43.355;-80.297;"cambridge"
N1R2K8;43.355;-80.296;"cambridge"
N1R2K9;43.355;-80.296;"cambridge"
N1R2L1;43.355;-80.295;"cambridge"
N1R2L2;43.355;-80.294;"cambridge"
N1R2L3;43.355;-80.293;"cambridge"
N1R2L4;43.355;-80.293;"cambridge"
N1R2L5;43.354;-80.291;"cambridge"
N1R2L6;43.354;-80.291;"cambridge"
N1R2L7;43.352;-80.311;"cambridge"
N1R2L8;43.352;-80.308;"cambridge"
N1R2L9;43.352;-80.308;"cambridge"
N1R2M1;43.351;-80.314;"cambridge"
N1R2M2;43.351;-80.313;"cambridge"
N1R2M3;43.351;-80.313;"cambridge"
N1R2M4;43.351;-80.311;"cambridge"
N1R2M5;43.352;-80.311;"cambridge"
N1R2M6;43.352;-80.309;"cambridge"
N1R2M7;43.352;-80.31;"cambridge"
N1R2M8;43.352;-80.309;"cambridge"
N1R2M9;43.351;-80.312;"cambridge"
N1R2N1;43.351;-80.312;"cambridge"
N1R2N2;43.351;-80.312;"cambridge"
N1R2N3;43.351;-80.311;"cambridge"
N1R2N4;43.351;-80.31;"cambridge"
N1R2N5;43.351;-80.31;"cambridge"
N1R2N6;43.351;-80.309;"cambridge"
N1R2N7;43.351;-80.307;"cambridge"
N1R2N8;43.351;-80.306;"cambridge"
N1R2N9;43.351;-80.305;"cambridge"
N1R2P1;43.352;-80.303;"cambridge"
N1R2P2;43.352;-80.303;"cambridge"
N1R2P3;43.353;-80.298;"cambridge"
N1R2P4;43.353;-80.297;"cambridge"
N1R2P5;43.353;-80.294;"cambridge"
N1R2P6;43.353;-80.294;"cambridge"
N1R2P7;43.353;-80.294;"cambridge"
N1R2P8;43.353;-80.294;"cambridge"
N1R2P9;43.354;-80.291;"cambridge"
N1R2R1;43.35;-80.311;"cambridge"
N1R2R2;43.35;-80.311;"cambridge"
N1R2R3;43.35;-80.311;"cambridge"
N1R2R4;43.351;-80.305;"cambridge"
N1R2R5;43.351;-80.305;"cambridge"
N1R2R6;43.351;-80.302;"cambridge"
N1R2R7;43.351;-80.303;"cambridge"
N1R2R8;43.349;-80.312;"cambridge"
N1R2R9;43.349;-80.312;"cambridge"
N1R2S1;43.349;-80.311;"cambridge"
N1R2S2;43.349;-80.31;"cambridge"
N1R2S3;43.349;-80.309;"cambridge"
N1R2S4;43.349;-80.309;"cambridge"
N1R2S5;43.349;-80.308;"cambridge"
N1R2S6;43.35;-80.307;"cambridge"
N1R2S7;43.35;-80.307;"cambridge"
N1R2S8;43.351;-80.306;"cambridge"
N1R2S9;43.35;-80.305;"cambridge"
N1R2T1;43.35;-80.304;"cambridge"
N1R2T2;43.35;-80.303;"cambridge"
N1R2T3;43.35;-80.302;"cambridge"
N1R2T4;43.351;-80.301;"cambridge"
N1R2T5;43.348;-80.313;"cambridge"
N1R2T6;43.348;-80.313;"cambridge"
N1R2T7;43.348;-80.31;"cambridge"
N1R2T8;43.348;-80.311;"cambridge"
N1R2T9;43.348;-80.308;"cambridge"
N1R2V1;43.348;-80.309;"cambridge"
N1R2V2;43.349;-80.306;"cambridge"
N1R2V3;43.349;-80.306;"cambridge"
N1R2V4;43.349;-80.305;"cambridge"
N1R2V5;43.349;-80.303;"cambridge"
N1R2V6;43.349;-80.302;"cambridge"
N1R2V7;43.347;-80.312;"cambridge"
N1R2V8;43.347;-80.313;"cambridge"
N1R2V9;43.347;-80.31;"cambridge"
N1R2W1;43.347;-80.31;"cambridge"
N1R2W2;43.347;-80.309;"cambridge"
N1R2W3;43.348;-80.308;"cambridge"
N1R2W4;43.348;-80.305;"cambridge"
N1R2W5;43.348;-80.306;"cambridge"
N1R2W6;43.346;-80.31;"cambridge"
N1R2W7;43.346;-80.311;"cambridge"
N1R2W8;43.346;-80.308;"cambridge"
N1R2W9;43.347;-80.308;"cambridge"
N1R2X1;43.346;-80.304;"cambridge"
N1R2X2;43.346;-80.304;"cambridge"
N1R2X3;43.346;-80.303;"cambridge"
N1R2X4;43.346;-80.303;"cambridge"
N1R2X5;43.347;-80.302;"cambridge"
N1R2X6;43.346;-80.302;"cambridge"
N1R2X7;43.341;-80.307;"cambridge"
N1R2X8;43.341;-80.306;"cambridge"
N1R2X9;43.341;-80.307;"cambridge"
N1R2Y1;43.342;-80.308;"cambridge"
N1R2Y2;43.341;-80.307;"cambridge"
N1R2Y3;43.341;-80.308;"cambridge"
N1R2Y4;43.341;-80.308;"cambridge"
N1R2Y5;43.341;-80.309;"cambridge"
N1R2Y6;43.341;-80.309;"cambridge"
N1R2Y7;43.341;-80.31;"cambridge"
N1R2Y8;43.341;-80.31;"cambridge"
N1R2Y9;43.341;-80.31;"cambridge"
N1R2Z1;43.341;-80.309;"cambridge"
N1R2Z2;43.342;-80.309;"cambridge"
N1R2Z3;43.342;-80.309;"cambridge"
N1R2Z4;43.341;-80.308;"cambridge"
N1R2Z5;43.341;-80.308;"cambridge"
N1R2Z6;43.341;-80.307;"cambridge"
N1R2Z7;43.34;-80.31;"cambridge"
N1R2Z8;43.34;-80.304;"cambridge"
N1R2Z9;43.378;-80.313;"cambridge"
N1R3A1;43.379;-80.328;"cambridge"
N1R3A2;43.379;-80.328;"cambridge"
N1R3A3;43.378;-80.327;"cambridge"
N1R3A4;43.379;-80.327;"cambridge"
N1R3A5;43.378;-80.326;"cambridge"
N1R3A6;43.378;-80.326;"cambridge"
N1R3A7;43.375;-80.321;"cambridge"
N1R3A8;43.375;-80.321;"cambridge"
N1R3A9;43.379;-80.321;"cambridge"
N1R3B0;43.364;-80.312;"cambridge"
N1R3B1;43.359;-80.315;"cambridge"
N1R3B2;43.359;-80.315;"cambridge"
N1R3B3;43.36;-80.315;"cambridge"
N1R3B4;43.361;-80.315;"cambridge"
N1R3B5;43.363;-80.315;"cambridge"
N1R3B6;43.367;-80.316;"cambridge"
N1R3B7;43.361;-80.315;"cambridge"
N1R3B8;43.365;-80.316;"cambridge"
N1R3B9;43.37;-80.317;"cambridge"
N1R3C1;43.37;-80.317;"cambridge"
N1R3C2;43.371;-80.318;"cambridge"
N1R3C3;43.372;-80.318;"cambridge"
N1R3C4;43.373;-80.319;"cambridge"
N1R3C5;43.36;-80.315;"cambridge"
N1R3C7;43.36;-80.315;"cambridge"
N1R3C8;43.357;-80.315;"cambridge"
N1R3C9;43.356;-80.315;"cambridge"
N1R3E1;43.363;-80.315;"cambridge"
N1R3E2;43.352;-80.315;"cambridge"
N1R3E3;43.353;-80.316;"cambridge"
N1R3E4;43.35;-80.314;"cambridge"
N1R3E5;43.375;-80.322;"cambridge"
N1R3E6;43.374;-80.319;"cambridge"
N1R3E7;43.374;-80.32;"cambridge"
N1R3E8;43.376;-80.323;"cambridge"
N1R3E9;43.377;-80.324;"cambridge"
N1R3G2;43.379;-80.329;"cambridge"
N1R3G3;43.378;-80.326;"cambridge"
N1R3G4;43.379;-80.328;"cambridge"
N1R3G5;43.379;-80.328;"cambridge"
N1R3G7;43.377;-80.319;"cambridge"
N1R3G8;43.377;-80.319;"cambridge"
N1R3G9;43.379;-80.319;"cambridge"
N1R3H1;43.372;-80.32;"cambridge"
N1R3H2;43.378;-80.319;"cambridge"
N1R3H3;43.387;-80.322;"cambridge"
N1R3H4;43.384;-80.32;"cambridge"
N1R3H5;43.384;-80.321;"cambridge"
N1R3H6;43.381;-80.32;"cambridge"
N1R3H7;43.381;-80.32;"cambridge"
N1R3H8;43.384;-80.321;"cambridge"
N1R3H9;43.377;-80.319;"cambridge"
N1R3J1;43.377;-80.32;"cambridge"
N1R3J2;43.354;-80.315;"cambridge"
N1R3J3;43.359;-80.314;"cambridge"
N1R3J4;43.359;-80.314;"cambridge"
N1R3J5;43.357;-80.314;"cambridge"
N1R3J6;43.36;-80.314;"cambridge"
N1R3J7;43.356;-80.314;"cambridge"
N1R3J8;43.361;-80.314;"cambridge"
N1R3J9;43.359;-80.314;"cambridge"
N1R3K1;43.359;-80.314;"cambridge"
N1R3K2;43.357;-80.314;"cambridge"
N1R3K3;43.357;-80.314;"cambridge"
N1R3K4;43.356;-80.314;"cambridge"
N1R3K5;43.356;-80.314;"cambridge"
N1R3K6;43.358;-80.314;"cambridge"
N1R3K7;43.354;-80.314;"cambridge"
N1R3K8;43.354;-80.314;"cambridge"
N1R3K9;43.364;-80.31;"cambridge"
N1R3L1;43.356;-80.313;"cambridge"
N1R3L2;43.354;-80.313;"cambridge"
N1R3L3;43.352;-80.313;"cambridge"
N1R3L4;43.35;-80.313;"cambridge"
N1R3L5;43.351;-80.313;"cambridge"
N1R3L6;43.349;-80.313;"cambridge"
N1R3L7;43.347;-80.311;"cambridge"
N1R3L8;43.348;-80.313;"cambridge"
N1R3L9;43.347;-80.313;"cambridge"
N1R3M1;43.347;-80.313;"cambridge"
N1R3M2;43.346;-80.31;"cambridge"
N1R3M3;43.353;-80.312;"cambridge"
N1R3M4;43.352;-80.312;"cambridge"
N1R3M5;43.352;-80.312;"cambridge"
N1R3M6;43.351;-80.312;"cambridge"
N1R3M7;43.351;-80.312;"cambridge"
N1R3M8;43.349;-80.311;"cambridge"
N1R3M9;43.349;-80.311;"cambridge"
N1R3N1;43.35;-80.311;"cambridge"
N1R3N2;43.349;-80.311;"cambridge"
N1R3N3;43.348;-80.311;"cambridge"
N1R3N4;43.349;-80.311;"cambridge"
N1R3N5;43.348;-80.311;"cambridge"
N1R3N6;43.348;-80.31;"cambridge"
N1R3N7;43.347;-80.31;"cambridge"
N1R3N8;43.347;-80.31;"cambridge"
N1R3N9;43.359;-80.313;"cambridge"
N1R3P1;43.356;-80.316;"cambridge"
N1R3P2;43.362;-80.314;"cambridge"
N1R3P3;43.359;-80.319;"cambridge"
N1R3P4;43.364;-80.314;"cambridge"
N1R3P5;43.364;-80.314;"cambridge"
N1R3P6;43.366;-80.313;"cambridge"
N1R3P7;43.367;-80.314;"cambridge"
N1R3P8;43.37;-80.316;"cambridge"
N1R3P9;43.37;-80.316;"cambridge"
N1R3R1;43.383;-80.318;"cambridge"
N1R3R2;43.383;-80.318;"cambridge"
N1R3R3;43.384;-80.318;"cambridge"
N1R3R4;43.384;-80.318;"cambridge"
N1R3R5;43.36;-80.313;"galt"
N1R3R6;43.36;-80.313;"cambridge"
N1R3R7;43.361;-80.313;"cambridge"
N1R3R8;43.362;-80.313;"cambridge"
N1R3R9;43.363;-80.313;"cambridge"
N1R3S1;43.364;-80.313;"cambridge"
N1R3S2;43.364;-80.313;"cambridge"
N1R3S3;43.348;-80.327;"cambridge"
N1R3S4;43.365;-80.312;"cambridge"
N1R3S5;43.366;-80.311;"cambridge"
N1R3S6;43.366;-80.31;"cambridge"
N1R3S7;43.366;-80.31;"cambridge"
N1R3S8;43.367;-80.309;"cambridge"
N1R3S9;43.367;-80.31;"cambridge"
N1R3T2;43.364;-80.314;"cambridge"
N1R3T3;43.37;-80.314;"cambridge"
N1R3T4;43.369;-80.314;"cambridge"
N1R3T5;43.376;-80.318;"cambridge"
N1R3T6;43.375;-80.316;"cambridge"
N1R3T7;43.375;-80.316;"cambridge"
N1R3T8;43.374;-80.313;"cambridge"
N1R3T9;43.374;-80.314;"cambridge"
N1R3V1;43.373;-80.312;"cambridge"
N1R3V2;43.372;-80.309;"cambridge"
N1R3V3;43.372;-80.31;"cambridge"
N1R3V4;43.371;-80.308;"cambridge"
N1R3V5;43.377;-80.315;"cambridge"
N1R3V6;43.376;-80.314;"cambridge"
N1R3V7;43.376;-80.315;"cambridge"
N1R3V8;43.353;-80.311;"cambridge"
N1R3V9;43.353;-80.311;"cambridge"
N1R3W1;43.352;-80.311;"cambridge"
N1R3W2;43.351;-80.31;"cambridge"
N1R3W3;43.351;-80.31;"cambridge"
N1R3W4;43.351;-80.31;"cambridge"
N1R3W5;43.35;-80.31;"cambridge"
N1R3W6;43.35;-80.31;"cambridge"
N1R3W7;43.349;-80.309;"cambridge"
N1R3W8;43.348;-80.309;"cambridge"
N1R3W9;43.347;-80.309;"cambridge"
N1R3X1;43.347;-80.309;"cambridge"
N1R3X2;43.346;-80.309;"cambridge"
N1R3X3;43.346;-80.309;"cambridge"
N1R3X4;43.345;-80.308;"cambridge"
N1R3X5;43.351;-80.309;"cambridge"
N1R3X6;43.35;-80.309;"cambridge"
N1R3X7;43.352;-80.31;"cambridge"
N1R3X8;43.353;-80.31;"cambridge"
N1R3X9;43.359;-80.31;"cambridge"
N1R3Y1;43.356;-80.316;"cambridge"
N1R3Y2;43.356;-80.311;"cambridge"
N1R3Y3;43.356;-80.311;"cambridge"
N1R3Y4;43.36;-80.311;"cambridge"
N1R3Y5;43.361;-80.312;"cambridge"
N1R3Y6;43.362;-80.311;"cambridge"
N1R3Y7;43.362;-80.311;"cambridge"
N1R3Y8;43.365;-80.309;"cambridge"
N1R3Y9;43.364;-80.31;"cambridge"
N1R3Z1;43.365;-80.31;"cambridge"
N1R3Z2;43.365;-80.309;"cambridge"
N1R3Z3;43.366;-80.308;"cambridge"
N1R3Z4;43.361;-80.31;"cambridge"
N1R3Z5;43.361;-80.31;"cambridge"
N1R3Z6;43.364;-80.308;"cambridge"
N1R3Z7;43.366;-80.306;"cambridge"
N1R3Z8;43.367;-80.305;"cambridge"
N1R3Z9;43.366;-80.306;"cambridge"
N1R4A1;43.362;-80.31;"cambridge"
N1R4A2;43.362;-80.31;"cambridge"
N1R4A3;43.361;-80.308;"cambridge"
N1R4A4;43.362;-80.309;"cambridge"
N1R4A5;43.364;-80.311;"cambridge"
N1R4A6;43.364;-80.311;"cambridge"
N1R4A7;43.367;-80.315;"cambridge"
N1R4A8;43.366;-80.314;"cambridge"
N1R4A9;43.367;-80.315;"cambridge"
N1R4B1;43.367;-80.315;"cambridge"
N1R4B2;43.365;-80.31;"cambridge"
N1R4B3;43.365;-80.311;"cambridge"
N1R4B4;43.366;-80.311;"cambridge"
N1R4B5;43.366;-80.312;"cambridge"
N1R4B6;43.368;-80.313;"cambridge"
N1R4B7;43.367;-80.313;"cambridge"
N1R4B8;43.365;-80.309;"cambridge"
N1R4B9;43.363;-80.305;"cambridge"
N1R4C1;43.367;-80.311;"cambridge"
N1R4C2;43.366;-80.311;"cambridge"
N1R4C3;43.368;-80.312;"cambridge"
N1R4C4;43.368;-80.312;"cambridge"
N1R4C5;43.366;-80.308;"cambridge"
N1R4C6;43.366;-80.308;"cambridge"
N1R4C7;43.367;-80.31;"cambridge"
N1R4C8;43.367;-80.31;"cambridge"
N1R4C9;43.356;-80.31;"cambridge"
N1R4E1;43.356;-80.31;"cambridge"
N1R4E2;43.356;-80.309;"cambridge"
N1R4E3;43.356;-80.309;"cambridge"
N1R4E4;43.354;-80.309;"cambridge"
N1R4E5;43.353;-80.309;"cambridge"
N1R4E6;43.353;-80.309;"cambridge"
N1R4E7;43.352;-80.308;"cambridge"
N1R4E8;43.352;-80.308;"cambridge"
N1R4E9;43.351;-80.308;"cambridge"
N1R4G1;43.351;-80.307;"cambridge"
N1R4G2;43.351;-80.307;"cambridge"
N1R4G3;43.349;-80.307;"cambridge"
N1R4G4;43.349;-80.307;"cambridge"
N1R4G5;43.348;-80.306;"cambridge"
N1R4G6;43.347;-80.306;"cambridge"
N1R4G7;43.356;-80.308;"cambridge"
N1R4G8;43.356;-80.308;"cambridge"
N1R4G9;43.356;-80.308;"cambridge"
N1R4H1;43.353;-80.307;"cambridge"
N1R4H2;43.353;-80.307;"cambridge"
N1R4H3;43.351;-80.307;"cambridge"
N1R4H4;43.351;-80.307;"cambridge"
N1R4H5;43.351;-80.305;"cambridge"
N1R4H6;43.35;-80.305;"cambridge"
N1R4H7;43.35;-80.305;"cambridge"
N1R4H8;43.349;-80.305;"cambridge"
N1R4H9;43.348;-80.304;"cambridge"
N1R4J1;43.349;-80.305;"cambridge"
N1R4J2;43.348;-80.304;"cambridge"
N1R4J3;43.346;-80.303;"cambridge"
N1R4J4;43.346;-80.303;"cambridge"
N1R4J5;43.361;-80.308;"cambridge"
N1R4J6;43.36;-80.309;"cambridge"
N1R4J7;43.361;-80.307;"cambridge"
N1R4J8;43.361;-80.307;"cambridge"
N1R4J9;43.357;-80.308;"cambridge"
N1R4K1;43.36;-80.307;"cambridge"
N1R4K2;43.359;-80.308;"cambridge"
N1R4K3;43.362;-80.306;"cambridge"
N1R4K4;43.362;-80.306;"cambridge"
N1R4K5;43.357;-80.307;"cambridge"
N1R4K6;43.359;-80.307;"cambridge"
N1R4K7;43.358;-80.307;"cambridge"
N1R4K8;43.359;-80.307;"cambridge"
N1R4K9;43.352;-80.315;"cambridge"
N1R4L1;43.36;-80.306;"cambridge"
N1R4L2;43.361;-80.305;"cambridge"
N1R4L3;43.361;-80.305;"cambridge"
N1R4L4;43.376;-80.313;"cambridge"
N1R4L5;43.377;-80.314;"cambridge"
N1R4L6;43.376;-80.311;"cambridge"
N1R4L7;43.376;-80.311;"cambridge"
N1R4L8;43.378;-80.313;"cambridge"
N1R4L9;43.378;-80.313;"cambridge"
N1R4M1;43.378;-80.312;"cambridge"
N1R4M2;43.38;-80.313;"cambridge"
N1R4M3;43.38;-80.312;"cambridge"
N1R4M4;43.381;-80.313;"cambridge"
N1R4M5;43.379;-80.312;"cambridge"
N1R4M6;43.38;-80.312;"cambridge"
N1R4M7;43.382;-80.312;"cambridge"
N1R4M8;43.381;-80.313;"cambridge"
N1R4M9;43.382;-80.313;"cambridge"
N1R4N1;43.383;-80.313;"cambridge"
N1R4N2;43.382;-80.313;"cambridge"
N1R4N3;43.357;-80.306;"cambridge"
N1R4N4;43.356;-80.306;"cambridge"
N1R4N5;43.352;-80.305;"cambridge"
N1R4N6;43.352;-80.305;"cambridge"
N1R4N7;43.347;-80.302;"cambridge"
N1R4N8;43.355;-80.305;"cambridge"
N1R4N9;43.355;-80.305;"cambridge"
N1R4P1;43.353;-80.304;"cambridge"
N1R4P2;43.352;-80.304;"cambridge"
N1R4P3;43.352;-80.303;"cambridge"
N1R4P4;43.351;-80.303;"cambridge"
N1R4P5;43.35;-80.303;"cambridge"
N1R4P6;43.35;-80.303;"cambridge"
N1R4P7;43.357;-80.305;"cambridge"
N1R4P8;43.356;-80.305;"cambridge"
N1R4P9;43.347;-80.301;"cambridge"
N1R4R1;43.347;-80.301;"cambridge"
N1R4R2;43.354;-80.303;"cambridge"
N1R4R3;43.356;-80.303;"cambridge"
N1R4R4;43.353;-80.302;"cambridge"
N1R4R5;43.353;-80.302;"cambridge"
N1R4R6;43.352;-80.302;"cambridge"
N1R4R7;43.352;-80.302;"cambridge"
N1R4R8;43.351;-80.302;"cambridge"
N1R4R9;43.35;-80.301;"cambridge"
N1R4S0;43.36;-80.313;"cambridge"
N1R4S1;43.349;-80.301;"cambridge"
N1R4S2;43.349;-80.301;"cambridge"
N1R4S3;43.348;-80.3;"cambridge"
N1R4S4;43.343;-80.301;"cambridge"
N1R4S5;43.344;-80.301;"cambridge"
N1R4S6;43.342;-80.301;"cambridge"
N1R4S7;43.344;-80.301;"cambridge"
N1R4S8;43.343;-80.3;"cambridge"
N1R4S9;43.355;-80.302;"cambridge"
N1R4T1;43.355;-80.302;"cambridge"
N1R4T2;43.353;-80.301;"cambridge"
N1R4T3;43.354;-80.302;"cambridge"
N1R4T4;43.352;-80.301;"cambridge"
N1R4T5;43.353;-80.3;"cambridge"
N1R4T6;43.348;-80.299;"cambridge"
N1R4T7;43.352;-80.3;"cambridge"
N1R4T8;43.348;-80.297;"cambridge"
N1R4T9;43.348;-80.297;"cambridge"
N1R4V1;43.357;-80.302;"cambridge"
N1R4V2;43.357;-80.302;"cambridge"
N1R4V3;43.366;-80.307;"cambridge"
N1R4V4;43.366;-80.307;"cambridge"
N1R4V5;43.356;-80.301;"cambridge"
N1R4V6;43.355;-80.301;"cambridge"
N1R4V7;43.353;-80.3;"cambridge"
N1R4V8;43.353;-80.3;"cambridge"
N1R4V9;43.352;-80.3;"cambridge"
N1R4W1;43.352;-80.3;"cambridge"
N1R4W2;43.351;-80.299;"cambridge"
N1R4W3;43.351;-80.299;"cambridge"
N1R4W4;43.356;-80.302;"cambridge"
N1R4W5;43.357;-80.302;"cambridge"
N1R4W6;43.359;-80.303;"cambridge"
N1R4W7;43.359;-80.302;"cambridge"
N1R4W8;43.36;-80.303;"cambridge"
N1R4W9;43.36;-80.303;"cambridge"
N1R4X1;43.369;-80.306;"cambridge"
N1R4X2;43.361;-80.303;"cambridge"
N1R4X3;43.362;-80.304;"cambridge"
N1R4X4;43.371;-80.307;"cambridge"
N1R4X5;43.371;-80.307;"cambridge"
N1R4X6;43.373;-80.308;"cambridge"
N1R4X7;43.371;-80.307;"cambridge"
N1R4X8;43.372;-80.307;"cambridge"
N1R4X9;43.372;-80.308;"cambridge"
N1R4Y1;43.372;-80.308;"cambridge"
N1R4Y2;43.373;-80.309;"cambridge"
N1R4Y3;43.373;-80.31;"cambridge"
N1R4Y4;43.374;-80.312;"cambridge"
N1R4Y5;43.374;-80.312;"cambridge"
N1R4Y6;43.375;-80.314;"cambridge"
N1R4Y7;43.375;-80.314;"cambridge"
N1R4Y8;43.373;-80.318;"cambridge"
N1R4Y9;43.376;-80.316;"cambridge"
N1R4Z1;43.356;-80.3;"cambridge"
N1R4Z2;43.356;-80.3;"cambridge"
N1R4Z3;43.354;-80.299;"cambridge"
N1R4Z4;43.354;-80.299;"cambridge"
N1R4Z5;43.352;-80.299;"cambridge"
N1R4Z6;43.353;-80.299;"cambridge"
N1R4Z7;43.35;-80.298;"cambridge"
N1R4Z8;43.35;-80.298;"cambridge"
N1R4Z9;43.348;-80.296;"cambridge"
N1R5A0;43.36;-80.313;"cambridge"
N1R5A1;43.355;-80.3;"cambridge"
N1R5A2;43.354;-80.299;"cambridge"
N1R5A3;43.351;-80.298;"cambridge"
N1R5A4;43.352;-80.299;"cambridge"
N1R5A5;43.371;-80.306;"cambridge"
N1R5A6;43.37;-80.305;"cambridge"
N1R5A7;43.372;-80.306;"cambridge"
N1R5A8;43.372;-80.306;"cambridge"
N1R5A9;43.356;-80.299;"cambridge"
N1R5B1;43.356;-80.299;"cambridge"
N1R5B2;43.356;-80.299;"cambridge"
N1R5B3;43.354;-80.298;"cambridge"
N1R5B4;43.353;-80.298;"cambridge"
N1R5B5;43.359;-80.3;"cambridge"
N1R5B6;43.353;-80.298;"cambridge"
N1R5B7;43.357;-80.299;"cambridge"
N1R5B8;43.357;-80.299;"cambridge"
N1R5B9;43.359;-80.3;"cambridge"
N1R5C1;43.363;-80.302;"cambridge"
N1R5C2;43.361;-80.301;"cambridge"
N1R5C3;43.37;-80.304;"cambridge"
N1R5C4;43.37;-80.304;"cambridge"
N1R5C5;43.372;-80.305;"cambridge"
N1R5C6;43.373;-80.305;"cambridge"
N1R5C7;43.356;-80.298;"cambridge"
N1R5C8;43.356;-80.297;"cambridge"
N1R5C9;43.358;-80.298;"cambridge"
N1R5E1;43.358;-80.298;"cambridge"
N1R5E2;43.36;-80.299;"cambridge"
N1R5E3;43.36;-80.299;"cambridge"
N1R5E4;43.362;-80.3;"cambridge"
N1R5E5;43.361;-80.3;"cambridge"
N1R5E6;43.371;-80.303;"cambridge"
N1R5E7;43.371;-80.303;"cambridge"
N1R5E8;43.373;-80.304;"cambridge"
N1R5E9;43.372;-80.304;"cambridge"
N1R5F5;43.364;-80.243;"cambridge"
N1R5G1;43.357;-80.296;"cambridge"
N1R5G2;43.357;-80.297;"cambridge"
N1R5G3;43.358;-80.297;"cambridge"
N1R5G4;43.358;-80.297;"cambridge"
N1R5G5;43.361;-80.298;"cambridge"
N1R5G6;43.361;-80.298;"cambridge"
N1R5G7;43.357;-80.297;"cambridge"
N1R5G8;43.357;-80.297;"cambridge"
N1R5G9;43.36;-80.298;"cambridge"
N1R5H1;43.357;-80.297;"cambridge"
N1R5H2;43.36;-80.298;"cambridge"
N1R5H3;43.364;-80.3;"cambridge"
N1R5H4;43.362;-80.299;"cambridge"
N1R5H5;43.362;-80.299;"cambridge"
N1R5H6;43.365;-80.3;"cambridge"
N1R5H7;43.363;-80.299;"cambridge"
N1R5H8;43.367;-80.301;"cambridge"
N1R5H9;43.368;-80.301;"cambridge"
N1R5J1;43.371;-80.302;"cambridge"
N1R5J3;43.357;-80.295;"cambridge"
N1R5J4;43.357;-80.295;"cambridge"
N1R5J5;43.355;-80.295;"cambridge"
N1R5J6;43.355;-80.295;"cambridge"
N1R5J7;43.353;-80.294;"cambridge"
N1R5J8;43.352;-80.294;"cambridge"
N1R5J9;43.357;-80.295;"cambridge"
N1R5K1;43.358;-80.296;"cambridge"
N1R5K2;43.369;-80.3;"cambridge"
N1R5K3;43.357;-80.294;"cambridge"
N1R5K4;43.356;-80.294;"cambridge"
N1R5K5;43.353;-80.292;"cambridge"
N1R5K6;43.354;-80.293;"cambridge"
N1R5K7;43.352;-80.292;"cambridge"
N1R5K8;43.357;-80.294;"cambridge"
N1R5K9;43.357;-80.294;"cambridge"
N1R5L1;43.363;-80.297;"cambridge"
N1R5L2;43.363;-80.297;"cambridge"
N1R5L3;43.364;-80.297;"cambridge"
N1R5L4;43.366;-80.296;"cambridge"
N1R5L5;43.364;-80.297;"cambridge"
N1R5L6;43.367;-80.296;"cambridge"
N1R5L7;43.368;-80.297;"cambridge"
N1R5L8;43.369;-80.298;"cambridge"
N1R5L9;43.37;-80.299;"cambridge"
N1R5M1;43.355;-80.292;"cambridge"
N1R5M2;43.355;-80.292;"cambridge"
N1R5M3;43.355;-80.292;"cambridge"
N1R5M4;43.354;-80.291;"cambridge"
N1R5M5;43.354;-80.291;"cambridge"
N1R5M6;43.356;-80.292;"cambridge"
N1R5M7;43.356;-80.292;"cambridge"
N1R5M8;43.357;-80.293;"cambridge"
N1R5M9;43.358;-80.293;"cambridge"
N1R5N1;43.365;-80.295;"cambridge"
N1R5N2;43.365;-80.295;"cambridge"
N1R5N3;43.369;-80.296;"cambridge"
N1R5N4;43.375;-80.297;"cambridge"
N1R5N5;43.375;-80.299;"cambridge"
N1R5N6;43.36;-80.296;"cambridge"
N1R5N7;43.358;-80.293;"cambridge"
N1R5N8;43.36;-80.296;"cambridge"
N1R5N9;43.36;-80.296;"cambridge"
N1R5P1;43.36;-80.297;"cambridge"
N1R5P2;43.362;-80.299;"cambridge"
N1R5P3;43.362;-80.299;"cambridge"
N1R5P4;43.362;-80.3;"cambridge"
N1R5P5;43.363;-80.301;"cambridge"
N1R5P6;43.363;-80.302;"cambridge"
N1R5P7;43.366;-80.306;"cambridge"
N1R5P9;43.367;-80.307;"cambridge"
N1R5R1;43.367;-80.309;"cambridge"
N1R5R2;43.367;-80.308;"cambridge"
N1R5R4;43.369;-80.311;"cambridge"
N1R5R5;43.37;-80.313;"cambridge"
N1R5R6;43.372;-80.315;"cambridge"
N1R5R7;43.372;-80.316;"cambridge"
N1R5R8;43.372;-80.316;"cambridge"
N1R5R9;43.372;-80.317;"cambridge"
N1R5S1;43.368;-80.313;"cambridge"
N1R5S2;43.345;-80.251;"cambridge"
N1R5S3;43.359;-80.373;"cambridge"
N1R5S4;43.398;-80.298;"cambridge"
N1R5S5;43.317;-80.355;"cambridge"
N1R5S6;43.371;-80.327;"cambridge"
N1R5S7;43.371;-80.232;"cambridge"
N1R5S8;43.373;-80.306;"cambridge"
N1R5S9;43.373;-80.306;"cambridge"
N1R5T1;43.359;-80.319;"cambridge"
N1R5T2;43.401;-80.372;"cambridge"
N1R5T3;43.373;-80.306;"cambridge"
N1R5T4;43.359;-80.319;"cambridge"
N1R5T6;43.348;-80.318;"cambridge"
N1R5T7;43.373;-80.306;"cambridge"
N1R5T8;43.36;-80.296;"cambridge"
N1R5T9;43.373;-80.306;"cambridge"
N1R5V1;43.373;-80.306;"cambridge"
N1R5V2;43.373;-80.306;"cambridge"
N1R5V3;43.373;-80.306;"cambridge"
N1R5V4;43.373;-80.306;"cambridge"
N1R5V5;43.364;-80.292;"cambridge"
N1R5V6;43.373;-80.306;"cambridge"
N1R5V7;43.373;-80.306;"cambridge"
N1R5V8;43.359;-80.319;"cambridge"
N1R5V9;43.373;-80.306;"cambridge"
N1R5W1;43.373;-80.306;"cambridge"
N1R5W2;43.338;-80.259;"cambridge"
N1R5W3;43.373;-80.306;"cambridge"
N1R5W4;43.373;-80.306;"cambridge"
N1R5W5;43.373;-80.306;"cambridge"
N1R5W6;43.366;-80.289;"cambridge"
N1R5W7;43.373;-80.306;"cambridge"
N1R5W8;43.359;-80.315;"cambridge"
N1R5W9;43.373;-80.306;"cambridge"
N1R5X1;43.373;-80.306;"cambridge"
N1R5X2;43.373;-80.306;"cambridge"
N1R5X3;43.373;-80.306;"cambridge"
N1R5X4;43.359;-80.319;"cambridge"
N1R5X5;43.403;-80.315;"cambridge"
N1R5X6;43.396;-80.314;"cambridge"
N1R5X7;43.359;-80.319;"cambridge"
N1R5X8;43.359;-80.319;"cambridge"
N1R5X9;43.373;-80.306;"cambridge"
N1R5Y1;43.373;-80.306;"cambridge"
N1R5Y2;43.373;-80.306;"cambridge"
N1R5Y3;43.375;-80.321;"cambridge"
N1R5Y4;43.375;-80.298;"cambridge"
N1R5Y5;43.374;-80.297;"cambridge"
N1R5Y6;43.375;-80.297;"cambridge"
N1R5Y7;43.398;-80.321;"cambridge"
N1R5Y8;43.374;-80.308;"cambridge"
N1R5Y9;43.383;-80.313;"cambridge"
N1R5Z1;43.383;-80.313;"cambridge"
N1R5Z2;43.371;-80.295;"cambridge"
N1R5Z3;43.383;-80.311;"cambridge"
N1R5Z4;43.383;-80.311;"cambridge"
N1R5Z5;43.383;-80.311;"cambridge"
N1R5Z6;43.369;-80.316;"cambridge"
N1R5Z7;43.376;-80.309;"cambridge"
N1R5Z8;43.423;-80.315;"cambridge"
N1R5Z9;43.384;-80.313;"cambridge"
N1R6A1;43.382;-80.308;"cambridge"
N1R6A2;43.382;-80.308;"cambridge"
N1R6A3;43.384;-80.312;"cambridge"
N1R6A4;43.383;-80.312;"cambridge"
N1R6A5;43.355;-80.299;"cambridge"
N1R6A6;43.361;-80.301;"cambridge"
N1R6A7;43.348;-80.296;"cambridge"
N1R6A8;43.383;-80.311;"cambridge"
N1R6A9;43.384;-80.311;"cambridge"
N1R6B0;43.361;-80.313;"cambridge"
N1R6B1;43.384;-80.308;"cambridge"
N1R6B2;43.384;-80.311;"cambridge"
N1R6B3;43.391;-80.323;"cambridge"
N1R6B4;43.359;-80.319;"cambridge"
N1R6B5;43.347;-80.295;"cambridge"
N1R6B6;43.346;-80.295;"cambridge"
N1R6B7;43.347;-80.294;"cambridge"
N1R6B8;43.346;-80.295;"cambridge"
N1R6B9;43.345;-80.295;"cambridge"
N1R6C1;43.345;-80.294;"cambridge"
N1R6C2;43.346;-80.293;"cambridge"
N1R6C3;43.346;-80.293;"cambridge"
N1R6C4;43.346;-80.293;"cambridge"
N1R6C5;43.346;-80.294;"cambridge"
N1R6C6;43.377;-80.309;"cambridge"
N1R6C7;43.359;-80.319;"cambridge"
N1R6C8;43.349;-80.31;"cambridge"
N1R6C9;43.373;-80.306;"cambridge"
N1R6E1;43.347;-80.295;"cambridge"
N1R6E2;43.36;-80.313;"cambridge"
N1R6E3;43.344;-80.292;"cambridge"
N1R6E4;43.345;-80.293;"cambridge"
N1R6E5;43.344;-80.294;"cambridge"
N1R6E6;43.344;-80.293;"cambridge"
N1R6E7;43.344;-80.294;"cambridge"
N1R6E8;43.344;-80.293;"cambridge"
N1R6E9;43.382;-80.311;"cambridge"
N1R6G0;43.374;-80.305;"cambridge"
N1R6G1;43.38;-80.31;"cambridge"
N1R6G2;43.381;-80.309;"cambridge"
N1R6G3;43.347;-80.296;"cambridge"
N1R6G4;43.377;-80.311;"cambridge"
N1R6G5;43.356;-80.31;"cambridge"
N1R6G6;43.359;-80.319;"cambridge"
N1R6G7;43.375;-80.307;"cambridge"
N1R6G8;43.377;-80.308;"cambridge"
N1R6G9;43.377;-80.309;"cambridge"
N1R6H1;43.375;-80.307;"cambridge"
N1R6H2;43.377;-80.307;"cambridge"
N1R6H3;43.376;-80.306;"cambridge"
N1R6H4;43.377;-80.306;"cambridge"
N1R6H5;43.377;-80.307;"cambridge"
N1R6H7;43.379;-80.334;"cambridge"
N1R6H8;43.379;-80.316;"cambridge"
N1R6H9;43.37;-80.308;"cambridge"
N1R6J1;43.391;-80.322;"cambridge"
N1R6J2;43.398;-80.325;"cambridge"
N1R6J3;43.399;-80.325;"cambridge"
N1R6J4;43.402;-80.326;"cambridge"
N1R6J5;43.408;-80.328;"cambridge"
N1R6J6;43.394;-80.323;"cambridge"
N1R6J7;43.396;-80.325;"cambridge"
N1R6J8;43.402;-80.326;"cambridge"
N1R6J9;43.396;-80.322;"cambridge"
N1R6K1;43.343;-80.294;"cambridge"
N1R6K2;43.373;-80.306;"cambridge"
N1R6K3;43.377;-80.307;"cambridge"
N1R6K5;43.377;-80.306;"cambridge"
N1R6K6;43.344;-80.295;"cambridge"
N1R6K7;43.374;-80.307;"cambridge"
N1R6K8;43.373;-80.307;"cambridge"
N1R6K9;43.375;-80.307;"cambridge"
N1R6L1;43.377;-80.306;"cambridge"
N1R6L2;43.376;-80.306;"cambridge"
N1R6L3;43.385;-80.302;"cambridge"
N1R6L4;43.384;-80.303;"cambridge"
N1R6L5;43.382;-80.301;"cambridge"
N1R6L6;43.382;-80.301;"cambridge"
N1R6L7;43.382;-80.301;"cambridge"
N1R6L8;43.383;-80.302;"cambridge"
N1R6L9;43.382;-80.301;"cambridge"
N1R6M1;43.382;-80.302;"cambridge"
N1R6M2;43.348;-80.296;"cambridge"
N1R6M3;43.356;-80.315;"cambridge"
N1R6M4;43.342;-80.298;"cambridge"
N1R6M5;43.345;-80.296;"cambridge"
N1R6M6;43.344;-80.295;"cambridge"
N1R6M7;43.343;-80.295;"cambridge"
N1R6M8;43.343;-80.294;"cambridge"
N1R6M9;43.344;-80.295;"cambridge"
N1R6N1;43.344;-80.295;"cambridge"
N1R6N2;43.343;-80.295;"cambridge"
N1R6N5;43.346;-80.296;"cambridge"
N1R6N6;43.344;-80.297;"cambridge"
N1R6N7;43.345;-80.296;"cambridge"
N1R6N8;43.345;-80.297;"cambridge"
N1R6N9;43.343;-80.295;"cambridge"
N1R6P2;43.343;-80.297;"cambridge"
N1R6P3;43.342;-80.298;"cambridge"
N1R6P6;43.343;-80.296;"cambridge"
N1R6P7;43.342;-80.298;"cambridge"
N1R6P8;43.375;-80.306;"cambridge"
N1R6P9;43.359;-80.311;"cambridge"
N1R6R1;43.359;-80.311;"cambridge"
N1R6R2;43.356;-80.316;"cambridge"
N1R6R3;43.391;-80.322;"cambridge"
N1R6R4;43.341;-80.299;"cambridge"
N1R6R5;43.399;-80.321;"cambridge"
N1R6R6;43.4;-80.322;"cambridge"
N1R6R7;43.408;-80.307;"cambridge"
N1R6R8;43.402;-80.326;"cambridge"
N1R6S1;43.378;-80.316;"cambridge"
N1R6S2;43.403;-80.316;"cambridge"
N1R6S3;43.382;-80.305;"cambridge"
N1R6S4;43.383;-80.304;"cambridge"
N1R6S5;43.385;-80.303;"cambridge"
N1R6S6;43.385;-80.302;"cambridge"
N1R6S7;43.381;-80.305;"cambridge"
N1R6S8;43.383;-80.304;"cambridge"
N1R6S9;43.384;-80.304;"cambridge"
N1R6T1;43.384;-80.303;"cambridge"
N1R6T2;43.385;-80.302;"cambridge"
N1R6T3;43.403;-80.319;"cambridge"
N1R6T4;43.403;-80.319;"cambridge"
N1R6T5;43.408;-80.307;"cambridge"
N1R6T6;43.398;-80.321;"cambridge"
N1R6T7;43.403;-80.317;"cambridge"
N1R6T8;43.405;-80.31;"galt"
N1R6T9;43.403;-80.319;"cambridge"
N1R6U7;43.401;-80.326;"cambridge"
N1R6V1;43.403;-80.312;"cambridge"
N1R6V2;43.369;-80.317;"cambridge"
N1R6V3;43.391;-80.32;"cambridge"
N1R6V4;43.381;-80.307;"cambridge"
N1R6V5;43.395;-80.325;"cambridge"
N1R6V6;43.379;-80.319;"cambridge"
N1R6V7;43.379;-80.319;"cambridge"
N1R6V8;43.385;-80.302;"cambridge"
N1R6V9;43.346;-80.299;"cambridge"
N1R6W1;43.347;-80.297;"cambridge"
N1R6W2;43.346;-80.299;"cambridge"
N1R6W3;43.382;-80.305;"cambridge"
N1R6W4;43.382;-80.305;"cambridge"
N1R6W5;43.348;-80.29;"cambridge"
N1R6W6;43.348;-80.29;"cambridge"
N1R6W7;43.354;-80.315;"cambridge"
N1R6W8;43.395;-80.322;"cambridge"
N1R6X1;43.364;-80.302;"cambridge"
N1R6X2;43.355;-80.308;"cambridge"
N1R6X3;43.404;-80.313;"cambridge"
N1R6X4;43.348;-80.29;"cambridge"
N1R6X5;43.348;-80.29;"cambridge"
N1R6X6;43.346;-80.289;"cambridge"
N1R6X7;43.346;-80.289;"cambridge"
N1R6X8;43.346;-80.289;"cambridge"
N1R6X9;43.344;-80.288;"cambridge"
N1R6Y1;43.347;-80.29;"cambridge"
N1R6Y2;43.345;-80.289;"cambridge"
N1R6Y3;43.345;-80.29;"cambridge"
N1R6Y4;43.345;-80.291;"cambridge"
N1R6Y5;43.345;-80.289;"cambridge"
N1R6Y6;43.345;-80.29;"cambridge"
N1R6Y7;43.345;-80.291;"cambridge"
N1R6Y8;43.345;-80.29;"cambridge"
N1R6Y9;43.359;-80.319;"cambridge"
N1R6Z2;43.395;-80.325;"cambridge"
N1R6Z3;43.386;-80.305;"cambridge"
N1R6Z5;43.388;-80.303;"cambridge"
N1R6Z7;43.401;-80.33;"cambridge"
N1R6Z8;43.386;-80.305;"cambridge"
N1R6Z9;43.39;-80.306;"cambridge"
N1R7A1;43.387;-80.304;"cambridge"
N1R7A3;43.386;-80.305;"cambridge"
N1R7A5;43.36;-80.312;"cambridge"
N1R7A6;43.36;-80.313;"cambridge"
N1R7A7;43.387;-80.304;"cambridge"
N1R7A8;43.388;-80.304;"cambridge"
N1R7A9;43.386;-80.303;"cambridge"
N1R7B1;43.375;-80.307;"cambridge"
N1R7B2;43.348;-80.29;"cambridge"
N1R7B3;43.347;-80.29;"cambridge"
N1R7B4;43.347;-80.292;"cambridge"
N1R7B5;43.351;-80.298;"cambridge"
N1R7B6;43.358;-80.311;"cambridge"
N1R7B7;43.372;-80.291;"cambridge"
N1R7B8;43.372;-80.292;"cambridge"
N1R7B9;43.384;-80.307;"cambridge"
N1R7C1;43.371;-80.295;"cambridge"
N1R7C2;43.375;-80.316;"cambridge"
N1R7C3;43.347;-80.29;"cambridge"
N1R7C4;43.345;-80.296;"cambridge"
N1R7C5;43.38;-80.317;"cambridge"
N1R7C6;43.381;-80.316;"cambridge"
N1R7C7;43.346;-80.292;"cambridge"
N1R7C8;43.347;-80.293;"cambridge"
N1R7C9;43.382;-80.318;"cambridge"
N1R7E1;43.381;-80.316;"cambridge"
N1R7E3;43.377;-80.324;"cambridge"
N1R7E4;43.378;-80.325;"galt"
N1R7E5;43.409;-80.308;"cambridge"
N1R7E6;43.381;-80.317;"cambridge"
N1R7E7;43.382;-80.317;"cambridge"
N1R7E8;43.382;-80.318;"cambridge"
N1R7E9;43.381;-80.318;"cambridge"
N1R7G1;43.382;-80.318;"cambridge"
N1R7G2;43.382;-80.318;"cambridge"
N1R7G3;43.382;-80.317;"cambridge"
N1R7G4;43.372;-80.303;"cambridge"
N1R7G5;43.388;-80.305;"cambridge"
N1R7G6;43.373;-80.363;"cambridge"
N1R7G7;43.373;-80.306;"cambridge"
N1R7G8;43.373;-80.306;"cambridge"
N1R7G9;43.359;-80.315;"cambridge"
N1R7H0;43.408;-80.315;"galt"
N1R7H1;43.342;-80.294;"cambridge"
N1R7H2;43.343;-80.292;"cambridge"
N1R7H3;43.343;-80.291;"cambridge"
N1R7H4;43.348;-80.279;"cambridge"
N1R7H5;43.381;-80.306;"cambridge"
N1R7H6;43.403;-80.313;"cambridge"
N1R7H7;43.396;-80.32;"cambridge"
N1R7H8;43.411;-80.31;"cambridge"
N1R7H9;43.37;-80.302;"cambridge"
N1R7J1;43.353;-80.298;"cambridge"
N1R7J2;43.372;-80.296;"cambridge"
N1R7J3;43.398;-80.307;"cambridge"
N1R7J4;43.398;-80.31;"cambridge"
N1R7J5;43.351;-80.29;"cambridge"
N1R7J6;43.348;-80.292;"cambridge"
N1R7J7;43.384;-80.309;"cambridge"
N1R7J8;43.41;-80.318;"cambridge"
N1R7J9;43.379;-80.328;"cambridge"
N1R7K1;43.404;-80.311;"cambridge"
N1R7K2;43.348;-80.298;"cambridge"
N1R7K3;43.343;-80.294;"cambridge"
N1R7K4;43.385;-80.309;"cambridge"
N1R7K5;43.347;-80.298;"cambridge"
N1R7K6;43.396;-80.306;"cambridge"
N1R7K7;43.401;-80.329;"cambridge"
N1R7K8;43.399;-80.305;"cambridge"
N1R7K9;43.405;-80.306;"cambridge"
N1R7L1;43.358;-80.308;"cambridge"
N1R7L2;43.396;-80.307;"cambridge"
N1R7L3;43.409;-80.316;"cambridge"
N1R7L4;43.383;-80.308;"cambridge"
N1R7L5;43.401;-80.313;"cambridge"
N1R7L6;43.361;-80.315;"cambridge"
N1R7L7;43.393;-80.316;"cambridge"
N1R7L8;43.383;-80.306;"cambridge"
N1R7L9;43.382;-80.305;"cambridge"
N1R7M1;43.388;-80.305;"cambridge"
N1R7M2;43.373;-80.305;"cambridge"
N1R7M3;43.351;-80.291;"cambridge"
N1R7M4;43.343;-80.291;"cambridge"
N1R7M5;43.389;-80.318;"cambridge"
N1R7M6;43.373;-80.306;"cambridge"
N1R7M7;43.388;-80.305;"cambridge"
N1R7M8;43.384;-80.305;"cambridge"
N1R7M9;43.385;-80.306;"cambridge"
N1R7N1;43.381;-80.318;"cambridge"
N1R7N2;43.38;-80.314;"cambridge"
N1R7N3;43.395;-80.306;"cambridge"
N1R7N4;43.384;-80.305;"cambridge"
N1R7N5;43.384;-80.31;"cambridge"
N1R7N6;43.396;-80.318;"cambridge"
N1R7N7;43.392;-80.323;"cambridge"
N1R7N8;43.396;-80.319;"cambridge"
N1R7N9;43.384;-80.316;"cambridge"
N1R7P1;43.385;-80.306;"cambridge"
N1R7P2;43.389;-80.304;"cambridge"
N1R7P3;43.398;-80.321;"cambridge"
N1R7P4;43.401;-80.319;"cambridge"
N1R7P5;43.393;-80.308;"cambridge"
N1R7P6;43.392;-80.31;"cambridge"
N1R7P7;43.399;-80.318;"cambridge"
N1R7P8;43.381;-80.315;"cambridge"
N1R7P9;43.359;-80.319;"cambridge"
N1R7R1;43.38;-80.33;"cambridge"
N1R7R2;43.361;-80.304;"cambridge"
N1R7R3;43.359;-80.319;"cambridge"
N1R7R4;43.359;-80.319;"cambridge"
N1R7R5;43.359;-80.319;"cambridge"
N1R7R6;43.359;-80.319;"cambridge"
N1R7R7;43.407;-80.307;"cambridge"
N1R7R8;43.343;-80.296;"cambridge"
N1R7R9;43.398;-80.325;"cambridge"
N1R7S1;43.344;-80.296;"cambridge"
N1R7S2;43.343;-80.296;"cambridge"
N1R7S3;43.345;-80.297;"cambridge"
N1R7S4;43.344;-80.297;"cambridge"
N1R7S5;43.378;-80.326;"cambridge"
N1R7S6;43.376;-80.324;"cambridge"
N1R7S7;43.403;-80.319;"cambridge"
N1R7S8;43.381;-80.318;"cambridge"
N1R7S9;43.385;-80.33;"cambridge"
N1R7T1;43.381;-80.315;"cambridge"
N1R7T2;43.381;-80.315;"cambridge"
N1R7T3;43.38;-80.318;"cambridge"
N1R7T4;43.38;-80.318;"cambridge"
N1R7T5;43.38;-80.318;"cambridge"
N1R7T6;43.388;-80.304;"cambridge"
N1R7T7;43.388;-80.304;"cambridge"
N1R7T8;43.347;-80.288;"cambridge"
N1R7T9;43.348;-80.287;"cambridge"
N1R7V1;43.348;-80.288;"cambridge"
N1R7V2;43.349;-80.287;"cambridge"
N1R7V3;43.347;-80.288;"cambridge"
N1R7V4;43.347;-80.288;"cambridge"
N1R7V5;43.38;-80.317;"cambridge"
N1R7V6;43.38;-80.316;"cambridge"
N1R7V7;43.38;-80.317;"cambridge"
N1R7V8;43.385;-80.316;"cambridge"
N1R7V9;43.345;-80.366;"cambridge"
N1R7W1;43.386;-80.315;"cambridge"
N1R7W2;43.386;-80.315;"cambridge"
N1R7W3;43.386;-80.316;"cambridge"
N1R7W4;43.403;-80.306;"cambridge"
N1R7W5;43.385;-80.313;"cambridge"
N1R7W6;43.387;-80.314;"cambridge"
N1R7W7;43.386;-80.314;"cambridge"
N1R7W8;43.387;-80.314;"cambridge"
N1R7W9;43.387;-80.313;"cambridge"
N1R7X1;43.387;-80.311;"cambridge"
N1R7X2;43.346;-80.287;"cambridge"
N1R7X3;43.346;-80.287;"cambridge"
N1R7X4;43.344;-80.287;"cambridge"
N1R7X5;43.344;-80.287;"cambridge"
N1R7X6;43.345;-80.286;"cambridge"
N1R7X7;43.345;-80.286;"cambridge"
N1R7X8;43.346;-80.286;"cambridge"
N1R7X9;43.347;-80.288;"cambridge"
N1R7Y1;43.35;-80.288;"cambridge"
N1R7Y2;43.347;-80.288;"cambridge"
N1R7Y3;43.35;-80.288;"cambridge"
N1R7Y4;43.35;-80.288;"cambridge"
N1R7Y5;43.406;-80.307;"cambridge"
N1R7Y6;43.378;-80.316;"cambridge"
N1R7Y7;43.372;-80.314;"cambridge"
N1R7Y8;43.385;-80.317;"cambridge"
N1R7Y9;43.37;-80.303;"cambridge"
N1R7Z1;43.379;-80.299;"cambridge"
N1R7Z2;43.388;-80.313;"cambridge"
N1R7Z3;43.388;-80.312;"cambridge"
N1R7Z4;43.349;-80.286;"cambridge"
N1R7Z5;43.349;-80.284;"cambridge"
N1R7Z6;43.351;-80.284;"cambridge"
N1R7Z7;43.35;-80.282;"cambridge"
N1R7Z8;43.349;-80.281;"cambridge"
N1R7Z9;43.348;-80.281;"cambridge"
N1R8A1;43.348;-80.281;"cambridge"
N1R8A2;43.347;-80.283;"cambridge"
N1R8A3;43.348;-80.284;"cambridge"
N1R8A4;43.347;-80.285;"cambridge"
N1R8A5;43.372;-80.3;"cambridge"
N1R8A6;43.373;-80.3;"cambridge"
N1R8A7;43.372;-80.3;"cambridge"
N1R8A8;43.355;-80.288;"cambridge"
N1R8A9;43.412;-80.308;"cambridge"
N1R8B1;43.376;-80.315;"cambridge"
N1R8B2;43.291;-80.006;"cambridge"
N1R8B4;43.371;-80.314;"cambridge"
N1R8B5;43.396;-80.304;"cambridge"
N1R8B6;43.372;-80.296;"cambridge"
N1R8B7;43.408;-80.308;"cambridge"
N1R8B8;43.383;-80.32;"cambridge"
N1R8B9;43.357;-80.316;"cambridge"
N1R8C1;43.379;-80.306;"cambridge"
N1R8C2;43.389;-80.311;"cambridge"
N1R8C3;43.391;-80.31;"cambridge"
N1R8C4;43.391;-80.309;"cambridge"
N1R8C5;43.391;-80.307;"cambridge"
N1R8C6;43.391;-80.307;"cambridge"
N1R8C7;43.346;-80.281;"cambridge"
N1R8C8;43.394;-80.317;"cambridge"
N1R8C9;43.403;-80.319;"cambridge"
N1R8E1;43.4;-80.305;"cambridge"
N1R8E2;43.408;-80.325;"cambridge"
N1R8E3;43.373;-80.318;"cambridge"
N1R8E4;43.373;-80.306;"cambridge"
N1R8E5;43.391;-80.308;"cambridge"
N1R8E6;43.41;-80.305;"cambridge"
N1R8E7;43.408;-80.315;"cambridge"
N1R8E8;43.367;-80.303;"cambridge"
N1R8E9;43.366;-80.306;"cambridge"
N1R8G1;43.392;-80.311;"cambridge"
N1R8G2;43.352;-80.288;"cambridge"
N1R8G3;43.353;-80.288;"cambridge"
N1R8G4;43.379;-80.307;"cambridge"
N1R8G5;43.396;-80.296;"cambridge"
N1R8G6;43.365;-80.292;"cambridge"
N1R8G7;43.362;-80.291;"cambridge"
N1R8G8;43.364;-80.292;"cambridge"
N1R8G9;43.366;-80.292;"cambridge"
N1R8H1;43.383;-80.336;"cambridge"
N1R8H2;43.405;-80.327;"cambridge"
N1R8H3;43.352;-80.29;"cambridge"
N1R8H4;43.35;-80.284;"cambridge"
N1R8H5;43.38;-80.299;"cambridge"
N1R8H6;43.359;-80.312;"cambridge"
N1R8H7;43.353;-80.288;"cambridge"
N1R8H8;43.38;-80.466;"cambridge"
N1R8H9;43.351;-80.292;"cambridge"
N1R8J1;43.392;-80.307;"cambridge"
N1R8J2;43.391;-80.305;"cambridge"
N1R8J3;43.391;-80.305;"cambridge"
N1R8J4;43.391;-80.304;"cambridge"
N1R8J5;43.391;-80.318;"cambridge"
N1R8J6;43.396;-80.324;"cambridge"
N1R8J7;43.352;-80.288;"cambridge"
N1R8J8;43.41;-80.319;"cambridge"
N1R8J9;43.392;-80.323;"cambridge"
N1R8K1;43.35;-80.281;"cambridge"
N1R8K2;43.385;-80.27;"cambridge"
N1R8K3;43.384;-80.317;"cambridge"
N1R8K4;43.384;-80.314;"cambridge"
N1R8K5;43.408;-80.325;"cambridge"
N1R8K6;43.344;-80.298;"cambridge"
N1R8K7;43.343;-80.299;"cambridge"
N1R8K8;43.372;-80.308;"cambridge"
N1R8K9;43.361;-80.291;"cambridge"
N1R8L1;43.355;-80.313;"cambridge"
N1R8L2;43.412;-80.315;"cambridge"
N1R8L3;43.373;-80.306;"cambridge"
N1R8L4;43.374;-80.319;"cambridge"
N1R8L5;43.383;-80.323;"cambridge"
N1R8L6;43.383;-80.322;"cambridge"
N1R8L7;43.383;-80.323;"cambridge"
N1R8L8;43.383;-80.323;"cambridge"
N1R8L9;43.349;-80.281;"cambridge"
N1R8M1;43.402;-80.326;"cambridge"
N1R8M2;43.375;-80.305;"cambridge"
N1R8M3;43.389;-80.309;"cambridge"
N1R8M4;43.388;-80.308;"cambridge"
N1R8M5;43.388;-80.307;"cambridge"
N1R8M6;43.39;-80.307;"cambridge"
N1R8M7;43.388;-80.306;"cambridge"
N1R8M8;43.356;-80.312;"cambridge"
N1R8M9;43.358;-80.31;"cambridge"
N1R8N1;43.361;-80.313;"cambridge"
N1R8N2;43.357;-80.312;"cambridge"
N1R8N3;43.357;-80.311;"cambridge"
N1R8N4;43.362;-80.311;"cambridge"
N1R8N5;43.373;-80.304;"cambridge"
N1R8N6;43.339;-80.313;"cambridge"
N1R8N7;43.409;-80.328;"cambridge"
N1R8N8;43.357;-80.286;"cambridge"
N1R8N9;43.357;-80.291;"cambridge"
N1R8P1;43.354;-80.3;"cambridge"
N1R8P2;43.365;-80.315;"cambridge"
N1R8P3;43.409;-80.322;"cambridge"
N1R8P4;43.392;-80.312;"kitchener"
N1R8P5;43.394;-80.31;"kitchener"
N1R8P6;43.394;-80.311;"cambridge"
N1R8P7;43.393;-80.312;"cambridge"
N1R8P8;43.352;-80.313;"cambridge"
N1R8P9;43.383;-80.326;"cambridge"
N1R8R0;43.374;-80.305;"cambridge"
N1R8R1;43.359;-80.31;"cambridge"
N1R8R2;43.393;-80.313;"cambridge"
N1R8R3;43.393;-80.303;"cambridge"
N1R8R4;43.393;-80.315;"cambridge"
N1R8R5;43.409;-80.322;"cambridge"
N1R8R6;43.392;-80.311;"cambridge"
N1R8R7;43.359;-80.31;"cambridge"
N1R8R8;43.345;-80.366;"cambridge"
N1R8R9;43.357;-80.315;"cambridge"
N1R8S1;43.34;-80.349;"cambridge"
N1R8S4;43.347;-80.284;"cambridge"
N1S0A1;43.37;-80.343;"cambridge"
N1S0A2;43.355;-80.343;"cambridge"
N1S0A3;43.354;-80.343;""
N1S0A4;43.354;-80.342;"cambridge"
N1S0A5;43.37;-80.34;"cambridge"
N1S1A1;43.374;-80.343;"cambridge"
N1S1A2;43.374;-80.342;"cambridge"
N1S1A3;43.374;-80.341;"cambridge"
N1S1A4;43.373;-80.341;"cambridge"
N1S1A5;43.374;-80.337;"cambridge"
N1S1A6;43.374;-80.337;"cambridge"
N1S1A7;43.372;-80.33;"cambridge"
N1S1A8;43.374;-80.331;"cambridge"
N1S1A9;43.372;-80.327;"cambridge"
N1S1B1;43.373;-80.331;"cambridge"
N1S1B2;43.373;-80.332;"cambridge"
N1S1B3;43.368;-80.329;"cambridge"
N1S1B4;43.368;-80.329;"cambridge"
N1S1B5;43.368;-80.33;"cambridge"
N1S1B6;43.367;-80.331;"cambridge"
N1S1B7;43.367;-80.324;"cambridge"
N1S1B8;43.367;-80.325;"cambridge"
N1S1B9;43.367;-80.325;"cambridge"
N1S1C1;43.366;-80.328;"cambridge"
N1S1C2;43.367;-80.322;"cambridge"
N1S1C3;43.367;-80.322;"cambridge"
N1S1C4;43.366;-80.321;"cambridge"
N1S1C5;43.365;-80.322;"cambridge"
N1S1C6;43.365;-80.323;"cambridge"
N1S1C8;43.363;-80.318;"cambridge"
N1S1C9;43.363;-80.319;"cambridge"
N1S1E1;43.363;-80.319;"cambridge"
N1S1E2;43.363;-80.319;"cambridge"
N1S1E3;43.364;-80.313;"cambridge"
N1S1E4;43.362;-80.321;"cambridge"
N1S1E5;43.362;-80.321;"cambridge"
N1S1E6;43.362;-80.321;"cambridge"
N1S1E7;43.362;-80.322;"cambridge"
N1S1E8;43.362;-80.323;"cambridge"
N1S1E9;43.362;-80.323;"cambridge"
N1S1G1;43.361;-80.332;"cambridge"
N1S1G2;43.362;-80.324;"cambridge"
N1S1G3;43.361;-80.327;"cambridge"
N1S1G4;43.36;-80.336;"cambridge"
N1S1G5;43.36;-80.318;"galt"
N1S1G6;43.36;-80.32;"cambridge"
N1S1G7;43.36;-80.322;"cambridge"
N1S1G8;43.36;-80.322;"cambridge"
N1S1G9;43.36;-80.324;"cambridge"
N1S1H1;43.36;-80.324;"cambridge"
N1S1H2;43.358;-80.317;"galt"
N1S1H3;43.359;-80.317;"cambridge"
N1S1H4;43.359;-80.318;"cambridge"
N1S1H5;43.359;-80.317;"cambridge"
N1S1H6;43.359;-80.317;"cambridge"
N1S1H7;43.358;-80.318;"cambridge"
N1S1H8;43.358;-80.319;"cambridge"
N1S1H9;43.358;-80.319;"cambridge"
N1S1J1;43.358;-80.321;"cambridge"
N1S1J2;43.358;-80.32;"cambridge"
N1S1J3;43.358;-80.322;"cambridge"
N1S1J4;43.358;-80.323;"cambridge"
N1S1J5;43.358;-80.324;"cambridge"
N1S1J6;43.358;-80.325;"cambridge"
N1S1J7;43.361;-80.32;"cambridge"
N1S1J8;43.358;-80.327;"cambridge"
N1S1J9;43.357;-80.333;"cambridge"
N1S1K1;43.357;-80.332;"cambridge"
N1S1K2;43.357;-80.333;"cambridge"
N1S1K3;43.357;-80.336;"cambridge"
N1S1K4;43.357;-80.335;"cambridge"
N1S1K5;43.357;-80.333;"cambridge"
N1S1K6;43.357;-80.338;"cambridge"
N1S1K7;43.357;-80.338;"cambridge"
N1S1K8;43.358;-80.317;"galt"
N1S1K9;43.358;-80.317;"cambridge"
N1S1L1;43.357;-80.318;"cambridge"
N1S1L2;43.357;-80.318;"cambridge"
N1S1L3;43.356;-80.329;"cambridge"
N1S1L4;43.356;-80.329;"cambridge"
N1S1L5;43.356;-80.33;"cambridge"
N1S1L6;43.356;-80.33;"cambridge"
N1S1L7;43.355;-80.333;"cambridge"
N1S1L8;43.356;-80.333;"cambridge"
N1S1L9;43.356;-80.333;"cambridge"
N1S1M1;43.356;-80.333;"cambridge"
N1S1M2;43.356;-80.319;"cambridge"
N1S1M3;43.357;-80.318;"cambridge"
N1S1M4;43.355;-80.321;"cambridge"
N1S1M5;43.357;-80.318;"cambridge"
N1S1M6;43.355;-80.321;"cambridge"
N1S1M7;43.354;-80.322;"cambridge"
N1S1M8;43.354;-80.322;"cambridge"
N1S1M9;43.351;-80.323;"cambridge"
N1S1N1;43.353;-80.323;"cambridge"
N1S1N2;43.352;-80.324;"cambridge"
N1S1N3;43.351;-80.324;"cambridge"
N1S1N4;43.35;-80.326;"cambridge"
N1S1N5;43.349;-80.327;"cambridge"
N1S1N6;43.348;-80.327;"cambridge"
N1S1N7;43.346;-80.33;"cambridge"
N1S1N8;43.347;-80.329;"cambridge"
N1S1N9;43.344;-80.331;"cambridge"
N1S1P1;43.346;-80.329;"cambridge"
N1S1P2;43.343;-80.332;"cambridge"
N1S1P3;43.344;-80.332;"cambridge"
N1S1P4;43.341;-80.334;"cambridge"
N1S1P5;43.354;-80.319;"cambridge"
N1S1P6;43.354;-80.319;"cambridge"
N1S1P7;43.354;-80.32;"cambridge"
N1S1P8;43.352;-80.323;"cambridge"
N1S1P9;43.355;-80.322;"cambridge"
N1S1R1;43.355;-80.322;"cambridge"
N1S1R2;43.355;-80.323;"cambridge"
N1S1R3;43.355;-80.324;"cambridge"
N1S1R4;43.355;-80.325;"cambridge"
N1S1R5;43.355;-80.326;"cambridge"
N1S1R6;43.355;-80.327;"cambridge"
N1S1R7;43.355;-80.327;"cambridge"
N1S1R8;43.355;-80.328;"cambridge"
N1S1R9;43.353;-80.334;"cambridge"
N1S1S0;43.357;-80.327;"cambridge"
N1S1S1;43.353;-80.334;"cambridge"
N1S1S2;43.354;-80.332;"cambridge"
N1S1S3;43.354;-80.33;"cambridge"
N1S1S4;43.353;-80.333;"cambridge"
N1S1S5;43.353;-80.333;"cambridge"
N1S1S6;43.353;-80.332;"cambridge"
N1S1S7;43.352;-80.332;"cambridge"
N1S1S8;43.352;-80.332;"cambridge"
N1S1S9;43.352;-80.331;"cambridge"
N1S1T1;43.354;-80.321;"cambridge"
N1S1T2;43.354;-80.321;"cambridge"
N1S1T3;43.354;-80.323;"cambridge"
N1S1T4;43.353;-80.324;"cambridge"
N1S1T5;43.353;-80.324;"cambridge"
N1S1T8;43.353;-80.319;"cambridge"
N1S1T9;43.353;-80.318;"cambridge"
N1S1V0;43.353;-80.33;"galt"
N1S1V1;43.353;-80.32;"cambridge"
N1S1V2;43.353;-80.321;"cambridge"
N1S1V3;43.353;-80.322;"cambridge"
N1S1V4;43.353;-80.321;"cambridge"
N1S1V5;43.353;-80.322;"cambridge"
N1S1V6;43.353;-80.323;"cambridge"
N1S1V7;43.352;-80.324;"cambridge"
N1S1V8;43.352;-80.324;"cambridge"
N1S1V9;43.352;-80.324;"cambridge"
N1S1W0;43.361;-80.313;"cambridge"
N1S1W1;43.352;-80.325;"cambridge"
N1S1W2;43.352;-80.327;"cambridge"
N1S1W3;43.352;-80.327;"cambridge"
N1S1W4;43.352;-80.328;"cambridge"
N1S1W5;43.351;-80.332;"cambridge"
N1S1W6;43.351;-80.334;"cambridge"
N1S1W7;43.351;-80.332;"cambridge"
N1S1W8;43.351;-80.334;"cambridge"
N1S1W9;43.35;-80.337;"cambridge"
N1S1X1;43.35;-80.338;"cambridge"
N1S1X2;43.352;-80.319;"cambridge"
N1S1X3;43.352;-80.317;"cambridge"
N1S1X4;43.352;-80.318;"cambridge"
N1S1X5;43.352;-80.319;"cambridge"
N1S1X6;43.351;-80.321;"cambridge"
N1S1X7;43.351;-80.322;"cambridge"
N1S1X8;43.351;-80.323;"cambridge"
N1S1X9;43.351;-80.324;"cambridge"
N1S1Y1;43.35;-80.326;"cambridge"
N1S1Y2;43.35;-80.326;"cambridge"
N1S1Y3;43.351;-80.317;"cambridge"
N1S1Y4;43.351;-80.318;"cambridge"
N1S1Y5;43.351;-80.319;"cambridge"
N1S1Y6;43.35;-80.324;"cambridge"
N1S1Y7;43.35;-80.324;"cambridge"
N1S1Y8;43.35;-80.323;"cambridge"
N1S1Y9;43.35;-80.319;"cambridge"
N1S1Z1;43.35;-80.319;"cambridge"
N1S1Z2;43.349;-80.322;"cambridge"
N1S1Z3;43.35;-80.321;"cambridge"
N1S1Z4;43.349;-80.324;"cambridge"
N1S1Z5;43.349;-80.324;"cambridge"
N1S1Z6;43.349;-80.32;"cambridge"
N1S1Z7;43.349;-80.318;"cambridge"
N1S1Z8;43.349;-80.32;"cambridge"
N1S1Z9;43.348;-80.324;"cambridge"
N1S2A1;43.348;-80.324;"cambridge"
N1S2A2;43.347;-80.327;"cambridge"
N1S2A3;43.348;-80.326;"cambridge"
N1S2A4;43.347;-80.323;"cambridge"
N1S2A5;43.347;-80.323;"cambridge"
N1S2A6;43.347;-80.327;"cambridge"
N1S2A7;43.347;-80.325;"cambridge"
N1S2A8;43.344;-80.336;"cambridge"
N1S2A9;43.345;-80.334;"cambridge"
N1S2B2;43.347;-80.32;"cambridge"
N1S2B3;43.346;-80.323;"cambridge"
N1S2B4;43.346;-80.323;"cambridge"
N1S2B5;43.346;-80.327;"cambridge"
N1S2B6;43.346;-80.326;"cambridge"
N1S2B7;43.346;-80.321;"cambridge"
N1S2B8;43.346;-80.321;"cambridge"
N1S2B9;43.346;-80.323;"cambridge"
N1S2C1;43.346;-80.323;"cambridge"
N1S2C2;43.345;-80.327;"cambridge"
N1S2C3;43.345;-80.327;"cambridge"
N1S2C4;43.345;-80.323;"cambridge"
N1S2C5;43.344;-80.324;"cambridge"
N1S2C6;43.344;-80.327;"cambridge"
N1S2C7;43.344;-80.326;"cambridge"
N1S2C8;43.344;-80.323;"cambridge"
N1S2C9;43.344;-80.324;"cambridge"
N1S2E1;43.343;-80.327;"cambridge"
N1S2E2;43.343;-80.327;"cambridge"
N1S2E3;43.343;-80.328;"cambridge"
N1S2E4;43.343;-80.328;"cambridge"
N1S2E5;43.343;-80.33;"cambridge"
N1S2E6;43.343;-80.329;"cambridge"
N1S2E7;43.343;-80.332;"cambridge"
N1S2E8;43.343;-80.324;"cambridge"
N1S2E9;43.343;-80.324;"cambridge"
N1S2G1;43.343;-80.326;"cambridge"
N1S2G2;43.343;-80.326;"cambridge"
N1S2G3;43.342;-80.324;"cambridge"
N1S2G4;43.342;-80.326;"cambridge"
N1S2G5;43.341;-80.321;"cambridge"
N1S2G6;43.341;-80.322;"cambridge"
N1S2G7;43.341;-80.325;"cambridge"
N1S2G8;43.34;-80.327;"cambridge"
N1S2G9;43.34;-80.33;"cambridge"
N1S2H1;43.34;-80.324;"cambridge"
N1S2H2;43.34;-80.324;"cambridge"
N1S2H3;43.36;-80.317;"cambridge"
N1S2H4;43.359;-80.317;"cambridge"
N1S2H5;43.361;-80.317;"cambridge"
N1S2H6;43.361;-80.318;"cambridge"
N1S2H7;43.361;-80.318;"cambridge"
N1S2H8;43.361;-80.32;"cambridge"
N1S2H9;43.361;-80.32;"cambridge"
N1S2J1;43.362;-80.321;"cambridge"
N1S2J2;43.367;-80.327;"cambridge"
N1S2J3;43.365;-80.325;"cambridge"
N1S2J4;43.368;-80.329;"cambridge"
N1S2J5;43.372;-80.333;"cambridge"
N1S2J6;43.373;-80.335;"cambridge"
N1S2J7;43.373;-80.336;"cambridge"
N1S2J8;43.374;-80.338;"cambridge"
N1S2J9;43.375;-80.341;"cambridge"
N1S2K1;43.375;-80.341;"cambridge"
N1S2K2;43.378;-80.354;"cambridge"
N1S2K3;43.379;-80.358;"cambridge"
N1S2K4;43.378;-80.353;"cambridge"
N1S2K5;43.385;-80.385;"cambridge"
N1S2K6;43.359;-80.318;"cambridge"
N1S2K7;43.361;-80.318;"cambridge"
N1S2K8;43.358;-80.318;"cambridge"
N1S2K9;43.359;-80.317;"cambridge"
N1S2L1;43.359;-80.318;"cambridge"
N1S2L2;43.359;-80.318;"cambridge"
N1S2L3;43.359;-80.318;"cambridge"
N1S2L4;43.359;-80.318;"cambridge"
N1S2L5;43.357;-80.317;"cambridge"
N1S2L6;43.356;-80.317;"cambridge"
N1S2L7;43.355;-80.317;"cambridge"
N1S2L8;43.355;-80.317;"cambridge"
N1S2L9;43.354;-80.317;"cambridge"
N1S2M1;43.351;-80.317;"cambridge"
N1S2M2;43.353;-80.317;"cambridge"
N1S2M3;43.351;-80.317;"cambridge"
N1S2M4;43.351;-80.317;"cambridge"
N1S2M5;43.349;-80.316;"cambridge"
N1S2M6;43.363;-80.318;"cambridge"
N1S2M7;43.358;-80.319;"cambridge"
N1S2M8;43.359;-80.319;"cambridge"
N1S2M9;43.36;-80.319;"cambridge"
N1S2N1;43.361;-80.319;"cambridge"
N1S2N2;43.361;-80.319;"cambridge"
N1S2N3;43.358;-80.32;"cambridge"
N1S2N4;43.358;-80.319;"cambridge"
N1S2N5;43.357;-80.319;"cambridge"
N1S2N6;43.361;-80.319;"cambridge"
N1S2N7;43.361;-80.319;"cambridge"
N1S2N8;43.358;-80.32;"cambridge"
N1S2N9;43.358;-80.32;"cambridge"
N1S2P1;43.356;-80.319;"cambridge"
N1S2P2;43.359;-80.319;"cambridge"
N1S2P3;43.353;-80.319;"cambridge"
N1S2P4;43.353;-80.318;"cambridge"
N1S2P5;43.354;-80.32;"cambridge"
N1S2P6;43.354;-80.32;"cambridge"
N1S2P7;43.354;-80.32;"cambridge"
N1S2P8;43.352;-80.32;"cambridge"
N1S2P9;43.353;-80.32;"cambridge"
N1S2R1;43.35;-80.319;"cambridge"
N1S2R2;43.349;-80.319;"cambridge"
N1S2R3;43.35;-80.318;"cambridge"
N1S2R4;43.349;-80.318;"cambridge"
N1S2R5;43.355;-80.321;"cambridge"
N1S2R6;43.355;-80.321;"cambridge"
N1S2R7;43.353;-80.321;"cambridge"
N1S2R8;43.366;-80.322;"cambridge"
N1S2R9;43.366;-80.322;"cambridge"
N1S2S1;43.366;-80.323;"cambridge"
N1S2S2;43.364;-80.321;"cambridge"
N1S2S3;43.366;-80.324;"cambridge"
N1S2S4;43.366;-80.324;"cambridge"
N1S2S5;43.368;-80.327;"cambridge"
N1S2S6;43.368;-80.326;"cambridge"
N1S2S7;43.357;-80.322;"cambridge"
N1S2S8;43.358;-80.321;"cambridge"
N1S2S9;43.359;-80.322;"cambridge"
N1S2T1;43.356;-80.322;"cambridge"
N1S2T2;43.358;-80.321;"cambridge"
N1S2T3;43.357;-80.322;"cambridge"
N1S2T4;43.356;-80.322;"cambridge"
N1S2T5;43.355;-80.322;"cambridge"
N1S2T6;43.353;-80.321;"cambridge"
N1S2T7;43.352;-80.32;"cambridge"
N1S2T8;43.353;-80.322;"cambridge"
N1S2T9;43.352;-80.322;"cambridge"
N1S2V1;43.35;-80.321;"cambridge"
N1S2V2;43.35;-80.32;"cambridge"
N1S2V3;43.35;-80.32;"cambridge"
N1S2V4;43.349;-80.32;"cambridge"
N1S2V5;43.349;-80.32;"cambridge"
N1S2V6;43.359;-80.323;"cambridge"
N1S2V7;43.362;-80.323;"cambridge"
N1S2V8;43.361;-80.323;"cambridge"
N1S2V9;43.358;-80.323;"cambridge"
N1S2W1;43.358;-80.323;"cambridge"
N1S2W2;43.36;-80.323;"cambridge"
N1S2W3;43.358;-80.323;"cambridge"
N1S2W4;43.357;-80.323;"cambridge"
N1S2W5;43.359;-80.323;"cambridge"
N1S2W6;43.356;-80.323;"cambridge"
N1S2W7;43.356;-80.323;"cambridge"
N1S2W8;43.363;-80.324;"cambridge"
N1S2W9;43.363;-80.324;"cambridge"
N1S2X1;43.356;-80.324;"cambridge"
N1S2X2;43.361;-80.324;"cambridge"
N1S2X3;43.358;-80.324;"cambridge"
N1S2X4;43.358;-80.324;"cambridge"
N1S2X5;43.357;-80.324;"cambridge"
N1S2X6;43.356;-80.324;"cambridge"
N1S2X7;43.355;-80.324;"cambridge"
N1S2X8;43.354;-80.324;"cambridge"
N1S2X9;43.353;-80.323;"cambridge"
N1S2Y1;43.352;-80.323;"cambridge"
N1S2Y2;43.352;-80.323;"cambridge"
N1S2Y3;43.351;-80.323;"cambridge"
N1S2Y4;43.351;-80.323;"cambridge"
N1S2Y5;43.35;-80.322;"cambridge"
N1S2Y6;43.349;-80.322;"cambridge"
N1S2Y7;43.349;-80.322;"cambridge"
N1S2Y8;43.348;-80.322;"cambridge"
N1S2Y9;43.348;-80.322;"cambridge"
N1S2Z1;43.347;-80.322;"cambridge"
N1S2Z2;43.346;-80.322;"cambridge"
N1S2Z3;43.346;-80.322;"cambridge"
N1S2Z4;43.344;-80.322;"cambridge"
N1S2Z5;43.345;-80.322;"cambridge"
N1S2Z6;43.344;-80.322;"cambridge"
N1S2Z7;43.343;-80.322;"cambridge"
N1S2Z8;43.342;-80.322;"cambridge"
N1S2Z9;43.341;-80.321;"cambridge"
N1S3A1;43.34;-80.321;"cambridge"
N1S3A2;43.36;-80.326;"cambridge"
N1S3A3;43.353;-80.324;"cambridge"
N1S3A4;43.354;-80.325;"cambridge"
N1S3A5;43.357;-80.325;"cambridge"
N1S3A6;43.357;-80.325;"cambridge"
N1S3A7;43.356;-80.325;"cambridge"
N1S3A8;43.356;-80.325;"cambridge"
N1S3A9;43.354;-80.325;"cambridge"
N1S3B1;43.353;-80.325;"cambridge"
N1S3B2;43.357;-80.327;"cambridge"
N1S3B3;43.358;-80.326;"cambridge"
N1S3B4;43.356;-80.326;"cambridge"
N1S3B5;43.356;-80.327;"cambridge"
N1S3B6;43.354;-80.326;"cambridge"
N1S3B7;43.353;-80.326;"cambridge"
N1S3B8;43.352;-80.326;"cambridge"
N1S3B9;43.351;-80.326;"cambridge"
N1S3C1;43.349;-80.326;"cambridge"
N1S3C2;43.349;-80.326;"cambridge"
N1S3C3;43.348;-80.326;"cambridge"
N1S3C4;43.348;-80.325;"cambridge"
N1S3C5;43.347;-80.325;"cambridge"
N1S3C6;43.347;-80.325;"cambridge"
N1S3C7;43.347;-80.325;"cambridge"
N1S3C8;43.346;-80.325;"cambridge"
N1S3C9;43.345;-80.325;"cambridge"
N1S3E1;43.345;-80.325;"cambridge"
N1S3E2;43.345;-80.325;"cambridge"
N1S3E3;43.344;-80.325;"cambridge"
N1S3E4;43.344;-80.324;"cambridge"
N1S3E5;43.343;-80.324;"cambridge"
N1S3E6;43.343;-80.324;"cambridge"
N1S3E7;43.342;-80.324;"cambridge"
N1S3E8;43.343;-80.324;"cambridge"
N1S3E9;43.342;-80.324;"cambridge"
N1S3G1;43.341;-80.324;"cambridge"
N1S3G2;43.341;-80.324;"cambridge"
N1S3G3;43.34;-80.324;"cambridge"
N1S3G4;43.357;-80.328;"cambridge"
N1S3G5;43.356;-80.328;"cambridge"
N1S3G6;43.356;-80.328;"cambridge"
N1S3G7;43.355;-80.328;"cambridge"
N1S3G8;43.354;-80.328;"cambridge"
N1S3G9;43.352;-80.328;"cambridge"
N1S3H1;43.35;-80.327;"cambridge"
N1S3H2;43.356;-80.329;"cambridge"
N1S3H3;43.356;-80.329;"cambridge"
N1S3H4;43.367;-80.331;"cambridge"
N1S3H5;43.366;-80.33;"cambridge"
N1S3H6;43.369;-80.331;"cambridge"
N1S3H7;43.369;-80.331;"cambridge"
N1S3H8;43.369;-80.331;"cambridge"
N1S3H9;43.369;-80.331;"cambridge"
N1S3J1;43.367;-80.329;"cambridge"
N1S3J2;43.368;-80.331;"cambridge"
N1S3J3;43.367;-80.33;"cambridge"
N1S3J4;43.373;-80.336;"cambridge"
N1S3J5;43.373;-80.337;"cambridge"
N1S3J6;43.372;-80.339;"cambridge"
N1S3J7;43.372;-80.339;"cambridge"
N1S3J8;43.374;-80.343;"cambridge"
N1S3J9;43.374;-80.343;"cambridge"
N1S3K1;43.372;-80.342;"cambridge"
N1S3K2;43.373;-80.343;"cambridge"
N1S3K3;43.371;-80.34;"cambridge"
N1S3K4;43.359;-80.332;"cambridge"
N1S3K5;43.359;-80.332;"cambridge"
N1S3K6;43.357;-80.331;"cambridge"
N1S3K7;43.357;-80.331;"cambridge"
N1S3K8;43.356;-80.33;"cambridge"
N1S3K9;43.356;-80.33;"cambridge"
N1S3L1;43.355;-80.33;"cambridge"
N1S3L2;43.357;-80.332;"cambridge"
N1S3L3;43.357;-80.332;"cambridge"
N1S3L4;43.354;-80.332;"cambridge"
N1S3L5;43.354;-80.332;"cambridge"
N1S3L6;43.355;-80.333;"cambridge"
N1S3L7;43.356;-80.333;"cambridge"
N1S3L8;43.357;-80.334;"cambridge"
N1S3L9;43.357;-80.333;"cambridge"
N1S3M1;43.357;-80.334;"cambridge"
N1S3M2;43.358;-80.334;"cambridge"
N1S3M3;43.357;-80.334;"cambridge"
N1S3M4;43.352;-80.332;"cambridge"
N1S3M5;43.352;-80.332;"cambridge"
N1S3M6;43.352;-80.333;"cambridge"
N1S3M7;43.352;-80.333;"cambridge"
N1S3M8;43.353;-80.333;"cambridge"
N1S3M9;43.346;-80.328;"cambridge"
N1S3N1;43.345;-80.328;"cambridge"
N1S3N2;43.345;-80.327;"cambridge"
N1S3N3;43.345;-80.327;"cambridge"
N1S3N4;43.344;-80.327;"cambridge"
N1S3N5;43.343;-80.328;"cambridge"
N1S3N6;43.343;-80.329;"cambridge"
N1S3N7;43.343;-80.329;"cambridge"
N1S3N8;43.343;-80.33;"cambridge"
N1S3N9;43.343;-80.33;"cambridge"
N1S3P1;43.339;-80.328;"cambridge"
N1S3P2;43.34;-80.33;"cambridge"
N1S3P3;43.34;-80.331;"cambridge"
N1S3P4;43.34;-80.331;"cambridge"
N1S3P5;43.351;-80.334;"cambridge"
N1S3P6;43.352;-80.334;"cambridge"
N1S3P7;43.352;-80.335;"cambridge"
N1S3P8;43.355;-80.335;"cambridge"
N1S3P9;43.352;-80.335;"cambridge"
N1S3R1;43.352;-80.335;"cambridge"
N1S3R2;43.352;-80.336;"cambridge"
N1S3R3;43.351;-80.337;"cambridge"
N1S3R4;43.353;-80.337;"cambridge"
N1S3R5;43.353;-80.337;"cambridge"
N1S3R6;43.353;-80.338;"cambridge"
N1S3R7;43.352;-80.338;"cambridge"
N1S3R8;43.352;-80.338;"cambridge"
N1S3R9;43.345;-80.333;"cambridge"
N1S3S1;43.347;-80.334;"cambridge"
N1S3S2;43.348;-80.335;"cambridge"
N1S3S3;43.347;-80.335;"cambridge"
N1S3S4;43.346;-80.335;"cambridge"
N1S3S5;43.345;-80.334;"cambridge"
N1S3S6;43.345;-80.332;"cambridge"
N1S3S7;43.345;-80.332;"cambridge"
N1S3S8;43.345;-80.332;"cambridge"
N1S3S9;43.344;-80.335;"cambridge"
N1S3T1;43.345;-80.335;"cambridge"
N1S3T2;43.357;-80.338;"cambridge"
N1S3T3;43.356;-80.34;"cambridge"
N1S3T4;43.356;-80.339;"cambridge"
N1S3T5;43.355;-80.341;"cambridge"
N1S3T6;43.355;-80.34;"cambridge"
N1S3T7;43.355;-80.34;"cambridge"
N1S3T8;43.354;-80.34;"cambridge"
N1S3V2;43.355;-80.329;"cambridge"
N1S3V3;43.357;-80.338;"cambridge"
N1S3V4;43.354;-80.33;"cambridge"
N1S3V5;43.352;-80.33;"cambridge"
N1S3V6;43.35;-80.317;"cambridge"
N1S3V7;43.345;-80.335;"cambridge"
N1S3V8;43.354;-80.34;"cambridge"
N1S3V9;43.338;-80.33;"cambridge"
N1S3W2;43.348;-80.329;"cambridge"
N1S3W3;43.348;-80.329;"cambridge"
N1S3W4;43.348;-80.329;"cambridge"
N1S3W5;43.35;-80.327;"cambridge"
N1S3W6;43.346;-80.335;"cambridge"
N1S3W7;43.346;-80.337;"cambridge"
N1S3W8;43.34;-80.329;"cambridge"
N1S3W9;43.34;-80.33;"cambridge"
N1S3X1;43.34;-80.331;"cambridge"
N1S3X2;43.34;-80.331;"cambridge"
N1S3X3;43.354;-80.341;"cambridge"
N1S3X4;43.35;-80.329;"cambridge"
N1S3X5;43.35;-80.33;"cambridge"
N1S3X6;43.349;-80.329;"cambridge"
N1S3X7;43.358;-80.317;"cambridge"
N1S3X8;43.343;-80.336;"cambridge"
N1S3X9;43.343;-80.336;"cambridge"
N1S3Y1;43.35;-80.33;"cambridge"
N1S3Y2;43.346;-80.337;"cambridge"
N1S3Y3;43.353;-80.341;"cambridge"
N1S3Y4;43.345;-80.337;"cambridge"
N1S3Y5;43.345;-80.337;"cambridge"
N1S3Y6;43.368;-80.328;"cambridge"
N1S3Y7;43.368;-80.328;"cambridge"
N1S3Y8;43.345;-80.337;"cambridge"
N1S3Y9;43.355;-80.34;"cambridge"
N1S3Z1;43.348;-80.329;"cambridge"
N1S3Z2;43.345;-80.337;"cambridge"
N1S3Z3;43.369;-80.328;"cambridge"
N1S3Z4;43.348;-80.329;"cambridge"
N1S3Z5;43.341;-80.334;"cambridge"
N1S3Z6;43.341;-80.335;"cambridge"
N1S3Z7;43.342;-80.336;"cambridge"
N1S3Z8;43.341;-80.334;"cambridge"
N1S3Z9;43.341;-80.335;"cambridge"
N1S4A1;43.342;-80.337;"cambridge"
N1S4A2;43.341;-80.335;"cambridge"
N1S4A3;43.341;-80.335;"cambridge"
N1S4A4;43.342;-80.335;"cambridge"
N1S4A5;43.341;-80.335;"cambridge"
N1S4A6;43.342;-80.335;"cambridge"
N1S4A7;43.34;-80.335;"cambridge"
N1S4A8;43.342;-80.337;"cambridge"
N1S4A9;43.349;-80.309;"cambridge"
N1S4B1;43.34;-80.329;"cambridge"
N1S4B3;43.339;-80.328;"cambridge"
N1S4B4;43.339;-80.327;"cambridge"
N1S4B5;43.342;-80.34;"cambridge"
N1S4B6;43.342;-80.34;"cambridge"
N1S4B7;43.342;-80.338;"cambridge"
N1S4B8;43.342;-80.338;"cambridge"
N1S4B9;43.341;-80.337;"cambridge"
N1S4C1;43.342;-80.337;"cambridge"
N1S4C2;43.34;-80.335;"cambridge"
N1S4C3;43.339;-80.337;"cambridge"
N1S4C4;43.34;-80.337;"cambridge"
N1S4C5;43.341;-80.338;"cambridge"
N1S4C6;43.34;-80.338;"cambridge"
N1S4C7;43.337;-80.329;"cambridge"
N1S4C8;43.339;-80.33;"cambridge"
N1S4C9;43.338;-80.329;"cambridge"
N1S4E1;43.338;-80.33;"cambridge"
N1S4E2;43.337;-80.329;"cambridge"
N1S4E4;43.337;-80.328;"cambridge"
N1S4E5;43.337;-80.331;"cambridge"
N1S4E6;43.371;-80.326;"cambridge"
N1S4E7;43.371;-80.329;"cambridge"
N1S4E8;43.371;-80.329;"cambridge"
N1S4E9;43.371;-80.329;"cambridge"
N1S4G1;43.371;-80.328;"cambridge"
N1S4G2;43.372;-80.33;"cambridge"
N1S4G3;43.372;-80.331;"cambridge"
N1S4G4;43.37;-80.327;"cambridge"
N1S4G5;43.371;-80.329;"cambridge"
N1S4G6;43.37;-80.326;"cambridge"
N1S4G7;43.369;-80.326;"cambridge"
N1S4G8;43.37;-80.326;"cambridge"
N1S4G9;43.37;-80.326;"cambridge"
N1S4H1;43.371;-80.331;"cambridge"
N1S4H2;43.354;-80.341;"cambridge"
N1S4H3;43.355;-80.341;"cambridge"
N1S4H4;43.357;-80.34;"cambridge"
N1S4H5;43.356;-80.341;"cambridge"
N1S4H6;43.356;-80.342;"cambridge"
N1S4H8;43.362;-80.324;"cambridge"
N1S4H9;43.37;-80.328;"cambridge"
N1S4J1;43.37;-80.329;"cambridge"
N1S4J2;43.341;-80.332;"cambridge"
N1S4J3;43.346;-80.339;"cambridge"
N1S4J4;43.347;-80.337;"cambridge"
N1S4J5;43.347;-80.336;"cambridge"
N1S4J6;43.346;-80.339;"cambridge"
N1S4J7;43.347;-80.337;"cambridge"
N1S4J8;43.347;-80.336;"cambridge"
N1S4J9;43.347;-80.337;"cambridge"
N1S4K1;43.348;-80.337;"cambridge"
N1S4K2;43.348;-80.337;"cambridge"
N1S4K3;43.35;-80.336;"cambridge"
N1S4K4;43.348;-80.336;"cambridge"
N1S4K5;43.34;-80.335;"cambridge"
N1S4K7;43.342;-80.327;"cambridge"
N1S4K8;43.341;-80.328;"cambridge"
N1S4K9;43.375;-80.34;"cambridge"
N1S4L1;43.369;-80.326;"cambridge"
N1S4L2;43.37;-80.326;"cambridge"
N1S4L3;43.34;-80.328;"cambridge"
N1S4L4;43.343;-80.338;"cambridge"
N1S4L5;43.353;-80.38;"galt"
N1S4L6;43.374;-80.338;"cambridge"
N1S4L7;43.374;-80.338;"cambridge"
N1S4L8;43.37;-80.326;"cambridge"
N1S4L9;43.342;-80.336;"cambridge"
N1S4M1;43.343;-80.337;"cambridge"
N1S4M2;43.35;-80.331;"cambridge"
N1S4M3;43.371;-80.326;"cambridge"
N1S4M4;43.369;-80.325;"cambridge"
N1S4M5;43.368;-80.325;"cambridge"
N1S4M6;43.35;-80.33;"cambridge"
N1S4M7;43.35;-80.331;"cambridge"
N1S4M8;43.356;-80.314;"cambridge"
N1S4M9;43.356;-80.341;"cambridge"
N1S4N1;43.373;-80.339;"cambridge"
N1S4N2;43.373;-80.339;"cambridge"
N1S4N3;43.336;-80.33;"cambridge"
N1S4N4;43.336;-80.33;"cambridge"
N1S4N5;43.335;-80.329;"cambridge"
N1S4N6;43.372;-80.337;"cambridge"
N1S4N7;43.372;-80.337;"cambridge"
N1S4N8;43.345;-80.339;"cambridge"
N1S4N9;43.35;-80.331;"cambridge"
N1S4P1;43.336;-80.33;"cambridge"
N1S4P2;43.374;-80.341;"cambridge"
N1S4P3;43.374;-80.344;"cambridge"
N1S4P4;43.335;-80.331;"cambridge"
N1S4P5;43.356;-80.342;"cambridge"
N1S4P6;43.342;-80.328;"cambridge"
N1S4P7;43.342;-80.339;"cambridge"
N1S4P8;43.343;-80.338;"cambridge"
N1S4R1;43.343;-80.338;"cambridge"
N1S4R2;43.343;-80.333;"cambridge"
N1S4R3;43.335;-80.332;"cambridge"
N1S4R4;43.343;-80.34;"cambridge"
N1S4R5;43.342;-80.336;"cambridge"
N1S4R6;43.372;-80.331;"cambridge"
N1S4R7;43.373;-80.341;"cambridge"
N1S4R8;43.35;-80.33;"cambridge"
N1S4R9;43.345;-80.339;"cambridge"
N1S4S1;43.345;-80.34;"cambridge"
N1S4S2;43.344;-80.338;"cambridge"
N1S4S3;43.344;-80.339;"cambridge"
N1S4S4;43.344;-80.338;"cambridge"
N1S4S5;43.354;-80.335;"cambridge"
N1S4S6;43.345;-80.339;"cambridge"
N1S4S7;43.345;-80.339;"cambridge"
N1S4S8;43.357;-80.328;"cambridge"
N1S4S9;43.346;-80.339;"cambridge"
N1S4T1;43.335;-80.331;"cambridge"
N1S4T2;43.347;-80.329;"cambridge"
N1S4T3;43.35;-80.332;"cambridge"
N1S4T4;43.336;-80.333;"cambridge"
N1S4T5;43.335;-80.331;"cambridge"
N1S4T6;43.343;-80.338;"cambridge"
N1S4T7;43.362;-80.317;"cambridge"
N1S4T8;43.335;-80.331;"cambridge"
N1S4T9;43.346;-80.329;"cambridge"
N1S4V1;43.359;-80.319;"cambridge"
N1S4V2;43.359;-80.319;"cambridge"
N1S4V3;43.359;-80.319;"cambridge"
N1S4V4;43.34;-80.327;"cambridge"
N1S4V5;43.345;-80.339;"cambridge"
N1S4V6;43.337;-80.33;"cambridge"
N1S4V7;43.334;-80.33;"cambridge"
N1S4V8;43.334;-80.33;"cambridge"
N1S4V9;43.335;-80.332;"cambridge"
N1S4W1;43.335;-80.332;"cambridge"
N1S4W2;43.338;-80.338;"cambridge"
N1S4W3;43.338;-80.338;"cambridge"
N1S4W4;43.339;-80.337;"cambridge"
N1S4W5;43.339;-80.337;"cambridge"
N1S4W7;43.337;-80.331;"cambridge"
N1S4W8;43.338;-80.332;"cambridge"
N1S4W9;43.34;-80.333;"cambridge"
N1S4X1;43.34;-80.333;"cambridge"
N1S4X2;43.335;-80.33;"cambridge"
N1S4X3;43.335;-80.33;"cambridge"
N1S4X4;43.365;-80.319;"cambridge"
N1S4X5;43.366;-80.321;"cambridge"
N1S4X6;43.363;-80.319;"cambridge"
N1S4X7;43.365;-80.319;"cambridge"
N1S4X8;43.351;-80.33;"cambridge"
N1S4X9;43.351;-80.33;"cambridge"
N1S4Y1;43.371;-80.333;"cambridge"
N1S4Y2;43.369;-80.338;"cambridge"
N1S4Y3;43.368;-80.338;"cambridge"
N1S4Y4;43.369;-80.339;"cambridge"
N1S4Y5;43.37;-80.34;"cambridge"
N1S4Y6;43.371;-80.343;"cambridge"
N1S4Y7;43.337;-80.323;"cambridge"
N1S4Y8;43.336;-80.332;"cambridge"
N1S4Y9;43.347;-80.341;"cambridge"
N1S4Z1;43.354;-80.335;"cambridge"
N1S4Z2;43.347;-80.32;"cambridge"
N1S4Z3;43.335;-80.328;"cambridge"
N1S4Z4;43.335;-80.328;"cambridge"
N1S4Z5;43.344;-80.331;"cambridge"
N1S4Z6;43.353;-80.33;"cambridge"
N1S4Z7;43.341;-80.331;"cambridge"
N1S4Z8;43.338;-80.333;"cambridge"
N1S4Z9;43.338;-80.334;"cambridge"
N1S5A1;43.336;-80.334;"cambridge"
N1S5A2;43.358;-80.331;"cambridge"
N1S5A3;43.348;-80.341;"cambridge"
N1S5A4;43.349;-80.341;"cambridge"
N1S5A5;43.352;-80.328;"cambridge"
N1S5A6;43.344;-80.338;"cambridge"
N1S5A7;43.371;-80.345;"cambridge"
N1S5A8;43.374;-80.346;"cambridge"
N1S5A9;43.358;-80.324;"cambridge"
N1S5B1;43.352;-80.341;"cambridge"
N1S5B2;43.351;-80.34;"cambridge"
N1S5B3;43.337;-80.323;"cambridge"
N1S5B4;43.372;-80.347;"cambridge"
N1S5B5;43.335;-80.323;"cambridge"
N1S5B6;43.339;-80.34;"cambridge"
N1S5B7;43.339;-80.332;"cambridge"
N1S5B8;43.335;-80.324;"cambridge"
N1S5B9;43.371;-80.333;"cambridge"
N1S5C1;43.371;-80.333;"cambridge"
N1S5C2;43.37;-80.342;"cambridge"
N1S5C3;43.363;-80.319;"cambridge"
N1S5R5;43.368;-80.338;"cambridge"
N1S5S4;43.357;-80.327;"cambridge"
N1S5S7;43.36;-80.353;"cambridge"
N1S7K2;43.36;-80.353;"cambridge"
N1T0A2;43.382;-80.282;"cambridge"
N1T0A3;43.357;-80.285;"cambridge"
N1T0A4;43.382;-80.282;"cambridge"
N1T0A5;43.415;-80.286;"cambridge"
N1T0A6;43.392;-80.282;"cambridge"
N1T0A7;43.354;-80.281;"cambridge"
N1T0A8;43.354;-80.281;"cambridge"
N1T0A9;43.354;-80.28;"cambridge"
N1T0B1;43.353;-80.28;"cambridge"
N1T0B2;43.345;-80.322;"cambridge"
N1T0B4;43.374;-80.296;"cambridge"
N1T0B5;43.374;-80.296;"cambridge"
N1T1A0;43.382;-80.282;"cambridge"
N1T1A1;43.406;-80.308;"cambridge"
N1T1A2;43.407;-80.304;"cambridge"
N1T1A3;43.407;-80.302;"cambridge"
N1T1A4;43.413;-80.31;"cambridge"
N1T1A5;43.412;-80.302;"cambridge"
N1T1A6;43.407;-80.302;"cambridge"
N1T1A7;43.407;-80.301;"cambridge"
N1T1A8;43.407;-80.299;"cambridge"
N1T1A9;43.408;-80.299;"cambridge"
N1T1B1;43.408;-80.299;"cambridge"
N1T1B2;43.414;-80.296;"cambridge"
N1T1B3;43.409;-80.305;"cambridge"
N1T1B4;43.408;-80.292;"cambridge"
N1T1B5;43.384;-80.289;"cambridge"
N1T1B6;43.408;-80.292;"cambridge"
N1T1B7;43.384;-80.289;"cambridge"
N1T1B8;43.408;-80.292;"cambridge"
N1T1B9;43.413;-80.302;"cambridge"
N1T1C1;43.384;-80.289;"cambridge"
N1T1C2;43.384;-80.289;"cambridge"
N1T1C3;43.384;-80.289;"cambridge"
N1T1C4;43.396;-80.299;"cambridge"
N1T1C5;43.408;-80.292;"cambridge"
N1T1C6;43.405;-80.297;"cambridge"
N1T1C7;43.381;-80.298;"cambridge"
N1T1C8;43.382;-80.297;"cambridge"
N1T1C9;43.381;-80.297;"cambridge"
N1T1E1;43.382;-80.296;"cambridge"
N1T1E2;43.382;-80.295;"cambridge"
N1T1E3;43.382;-80.297;"cambridge"
N1T1E4;43.384;-80.294;"cambridge"
N1T1E5;43.382;-80.294;"cambridge"
N1T1E6;43.383;-80.294;"cambridge"
N1T1E7;43.382;-80.291;"cambridge"
N1T1E8;43.382;-80.293;"cambridge"
N1T1E9;43.383;-80.293;"cambridge"
N1T1G1;43.384;-80.29;"cambridge"
N1T1G2;43.383;-80.29;"cambridge"
N1T1G3;43.383;-80.291;"cambridge"
N1T1G4;43.385;-80.291;"cambridge"
N1T1G5;43.385;-80.291;"cambridge"
N1T1G6;43.385;-80.29;"cambridge"
N1T1G7;43.386;-80.289;"cambridge"
N1T1G8;43.386;-80.288;"cambridge"
N1T1G9;43.386;-80.288;"cambridge"
N1T1H1;43.385;-80.288;"cambridge"
N1T1H2;43.384;-80.287;"cambridge"
N1T1H3;43.384;-80.287;"cambridge"
N1T1H4;43.387;-80.278;"cambridge"
N1T1H5;43.388;-80.273;"cambridge"
N1T1H6;43.388;-80.273;"cambridge"
N1T1H7;43.386;-80.271;"cambridge"
N1T1H8;43.404;-80.306;"cambridge"
N1T1H9;43.406;-80.298;"cambridge"
N1T1J1;43.405;-80.299;"cambridge"
N1T1J2;43.405;-80.3;"cambridge"
N1T1J3;43.397;-80.299;"cambridge"
N1T1J4;43.398;-80.301;"cambridge"
N1T1J5;43.397;-80.298;"cambridge"
N1T1J6;43.397;-80.299;"cambridge"
N1T1J7;43.387;-80.299;"cambridge"
N1T1J8;43.388;-80.297;"cambridge"
N1T1J9;43.381;-80.294;"cambridge"
N1T1K1;43.379;-80.295;"cambridge"
N1T1K2;43.384;-80.295;"cambridge"
N1T1K3;43.384;-80.297;"cambridge"
N1T1K4;43.383;-80.298;"cambridge"
N1T1K5;43.381;-80.298;"cambridge"
N1T1K6;43.404;-80.304;"cambridge"
N1T1K7;43.385;-80.295;"cambridge"
N1T1K8;43.385;-80.296;"cambridge"
N1T1K9;43.387;-80.296;"cambridge"
N1T1L1;43.387;-80.299;"cambridge"
N1T1L2;43.386;-80.298;"cambridge"
N1T1L3;43.387;-80.288;"cambridge"
N1T1L4;43.385;-80.286;"cambridge"
N1T1L5;43.387;-80.285;"cambridge"
N1T1L6;43.388;-80.286;"cambridge"
N1T1L7;43.389;-80.285;"cambridge"
N1T1L8;43.388;-80.288;"cambridge"
N1T1L9;43.386;-80.29;"cambridge"
N1T1M1;43.387;-80.291;"cambridge"
N1T1M2;43.389;-80.29;"cambridge"
N1T1M3;43.389;-80.289;"cambridge"
N1T1M4;43.39;-80.289;"cambridge"
N1T1M5;43.39;-80.292;"cambridge"
N1T1M6;43.391;-80.287;"cambridge"
N1T1M7;43.376;-80.296;"cambridge"
N1T1M8;43.376;-80.296;"cambridge"
N1T1M9;43.376;-80.294;"cambridge"
N1T1N1;43.398;-80.306;"galt"
N1T1N2;43.386;-80.292;"cambridge"
N1T1N3;43.387;-80.293;"cambridge"
N1T1N4;43.399;-80.302;"cambridge"
N1T1N5;43.398;-80.305;"cambridge"
N1T1N6;43.405;-80.3;"cambridge"
N1T1N7;43.404;-80.299;"cambridge"
N1T1N8;43.393;-80.283;"cambridge"
N1T1N9;43.394;-80.285;"cambridge"
N1T1P1;43.394;-80.287;"cambridge"
N1T1P2;43.394;-80.287;"cambridge"
N1T1P3;43.392;-80.286;"cambridge"
N1T1P4;43.397;-80.301;"cambridge"
N1T1P5;43.379;-80.296;"cambridge"
N1T1P6;43.386;-80.283;"cambridge"
N1T1P7;43.385;-80.282;"cambridge"
N1T1P8;43.367;-80.308;"cambridge"
N1T1P9;43.394;-80.282;"cambridge"
N1T1R1;43.395;-80.281;"cambridge"
N1T1R2;43.395;-80.278;"cambridge"
N1T1R3;43.395;-80.276;"cambridge"
N1T1R4;43.396;-80.275;"cambridge"
N1T1R5;43.396;-80.274;"cambridge"
N1T1R6;43.39;-80.293;"cambridge"
N1T1R7;43.39;-80.296;"cambridge"
N1T1R8;43.39;-80.294;"cambridge"
N1T1R9;43.37;-80.284;"cambridge"
N1T1S1;43.364;-80.289;"cambridge"
N1T1S2;43.364;-80.288;"cambridge"
N1T1S3;43.367;-80.285;"cambridge"
N1T1S4;43.368;-80.282;"cambridge"
N1T1S5;43.365;-80.292;"cambridge"
N1T1S6;43.368;-80.275;"cambridge"
N1T1S7;43.367;-80.283;"cambridge"
N1T1S8;43.372;-80.285;"cambridge"
N1T1S9;43.368;-80.283;"cambridge"
N1T1T1;43.367;-80.283;"cambridge"
N1T1T2;43.399;-80.302;"cambridge"
N1T1T3;43.386;-80.29;"cambridge"
N1T1T4;43.384;-80.297;"cambridge"
N1T1T5;43.38;-80.297;"cambridge"
N1T1T6;43.39;-80.288;"cambridge"
N1T1T7;43.391;-80.287;"cambridge"
N1T1T8;43.39;-80.287;"cambridge"
N1T1T9;43.39;-80.297;"cambridge"
N1T1V1;43.396;-80.276;"cambridge"
N1T1V2;43.396;-80.279;"cambridge"
N1T1V3;43.398;-80.305;"cambridge"
N1T1V4;43.39;-80.297;"cambridge"
N1T1V5;43.385;-80.299;"cambridge"
N1T1V6;43.394;-80.277;"cambridge"
N1T1V7;43.393;-80.275;"cambridge"
N1T1V8;43.392;-80.276;"cambridge"
N1T1V9;43.393;-80.278;"cambridge"
N1T1W1;43.405;-80.299;"cambridge"
N1T1W2;43.391;-80.302;"cambridge"
N1T1W3;43.391;-80.292;"cambridge"
N1T1W4;43.391;-80.289;"cambridge"
N1T1W5;43.392;-80.29;"cambridge"
N1T1W6;43.394;-80.291;"cambridge"
N1T1W7;43.384;-80.286;"cambridge"
N1T1W8;43.39;-80.272;"cambridge"
N1T1W9;43.39;-80.286;"cambridge"
N1T1X1;43.391;-80.293;"cambridge"
N1T1X2;43.391;-80.278;"cambridge"
N1T1X3;43.389;-80.277;"cambridge"
N1T1X4;43.391;-80.298;"cambridge"
N1T1X5;43.395;-80.274;"cambridge"
N1T1X6;43.394;-80.298;"cambridge"
N1T1X7;43.393;-80.297;"cambridge"
N1T1X8;43.394;-80.296;"cambridge"
N1T1X9;43.402;-80.299;"cambridge"
N1T1Y1;43.39;-80.276;"cambridge"
N1T1Y2;43.401;-80.298;"cambridge"
N1T1Y3;43.397;-80.248;"cambridge"
N1T1Y4;43.388;-80.284;"cambridge"
N1T1Y5;43.389;-80.283;"cambridge"
N1T1Y6;43.39;-80.284;"cambridge"
N1T1Y7;43.395;-80.296;"cambridge"
N1T1Y8;43.395;-80.296;"cambridge"
N1T1Y9;43.395;-80.293;"cambridge"
N1T1Z1;43.395;-80.292;"cambridge"
N1T1Z2;43.391;-80.302;"cambridge"
N1T1Z3;43.396;-80.296;"cambridge"
N1T1Z4;43.395;-80.296;"cambridge"
N1T1Z5;43.402;-80.299;"cambridge"
N1T1Z6;43.413;-80.298;"cambridge"
N1T1Z7;43.395;-80.294;"cambridge"
N1T1Z8;43.397;-80.292;"cambridge"
N1T1Z9;43.398;-80.293;"cambridge"
N1T2A1;43.396;-80.291;"cambridge"
N1T2A2;43.397;-80.29;"cambr